,Open,Close,tick_volume
0,0.66608,0.66608,64
1,0.66608,0.66615,72
2,0.66616,0.66607,77
3,0.66604,0.66602,19
4,0.66603,0.66595,78
5,0.66595,0.66589,44
6,0.6659,0.66587,20
7,0.66588,0.66581,14
8,0.66582,0.66587,14
9,0.66587,0.66581,30
10,0.6658,0.66582,34
11,0.6658,0.66575,4
12,0.66578,0.66575,13
13,0.66575,0.66601,22
14,0.66604,0.6662,59
15,0.66622,0.66599,26
16,0.66604,0.66622,12
17,0.66622,0.66622,28
18,0.66622,0.66607,20
19,0.66607,0.66593,47
20,0.66592,0.66589,20
21,0.66587,0.6659,22
22,0.66591,0.66602,52
23,0.66603,0.66591,56
24,0.66592,0.66592,18
25,0.66592,0.66605,97
26,0.66605,0.66607,98
27,0.66606,0.66604,86
28,0.66604,0.66604,47
29,0.66605,0.66591,104
30,0.6659,0.66586,58
31,0.66586,0.66592,52
32,0.66593,0.66597,62
33,0.66597,0.66601,92
34,0.66601,0.66591,43
35,0.66591,0.66578,116
36,0.66579,0.66581,100
37,0.66581,0.6657,112
38,0.66571,0.66556,48
39,0.66556,0.66556,43
40,0.66555,0.66574,75
41,0.66574,0.66567,64
42,0.66568,0.66567,57
43,0.66566,0.66566,77
44,0.66566,0.66561,42
45,0.6656,0.66545,67
46,0.66544,0.6655,86
47,0.6655,0.66576,212
48,0.66577,0.66589,132
49,0.6659,0.66595,124
50,0.66595,0.66591,163
51,0.66592,0.66639,126
52,0.6664,0.66651,131
53,0.66651,0.66626,161
54,0.66626,0.6663,124
55,0.66631,0.66646,174
56,0.66645,0.66652,206
57,0.66651,0.66593,229
58,0.66595,0.66555,187
59,0.66555,0.66535,274
60,0.66534,0.66565,168
61,0.66565,0.66578,199
62,0.66579,0.66597,267
63,0.666,0.66628,190
64,0.66627,0.66645,212
65,0.66644,0.66352,613
66,0.66351,0.6635,452
67,0.6635,0.66361,270
68,0.66365,0.66417,254
69,0.66416,0.66418,227
70,0.66413,0.66437,247
71,0.66438,0.66435,240
72,0.66434,0.66432,219
73,0.6643,0.66441,226
74,0.66445,0.66465,173
75,0.66466,0.66478,221
76,0.66479,0.66479,224
77,0.6648,0.66486,162
78,0.66485,0.66451,209
79,0.66452,0.66454,184
80,0.66452,0.66491,166
81,0.66492,0.66522,141
82,0.66521,0.66521,207
83,0.66522,0.66553,181
84,0.66553,0.66555,183
85,0.66553,0.6653,158
86,0.66531,0.66527,142
87,0.66527,0.66524,172
88,0.66523,0.66497,182
89,0.66497,0.66501,164
90,0.66501,0.66481,165
91,0.66481,0.66507,128
92,0.66508,0.66517,145
93,0.66516,0.66511,125
94,0.66508,0.66493,93
95,0.66492,0.66445,191
96,0.66444,0.66458,118
97,0.66457,0.66459,105
98,0.66458,0.66492,181
99,0.66492,0.6648,166
100,0.66479,0.66496,167
101,0.66497,0.6649,129
102,0.66491,0.66485,137
103,0.66486,0.66466,157
104,0.66467,0.66476,128
105,0.66475,0.66493,123
106,0.66492,0.66502,122
107,0.66503,0.66476,151
108,0.6648,0.6646,127
109,0.66457,0.66457,221
110,0.66456,0.66456,165
111,0.66457,0.66438,149
112,0.66437,0.66473,203
113,0.66472,0.66483,182
114,0.66482,0.66472,188
115,0.66473,0.66433,225
116,0.66434,0.66431,137
117,0.66431,0.66452,141
118,0.66453,0.66452,151
119,0.66451,0.66481,225
120,0.6648,0.66453,173
121,0.66454,0.66461,142
122,0.66461,0.66456,163
123,0.66457,0.66541,260
124,0.66542,0.66552,190
125,0.66553,0.66521,196
126,0.66522,0.66502,151
127,0.66501,0.66462,167
128,0.66463,0.66446,173
129,0.66446,0.66365,139
130,0.6636,0.6637,116
131,0.66371,0.66365,170
132,0.66366,0.66382,163
133,0.66382,0.66406,114
134,0.66405,0.66362,194
135,0.66366,0.66356,141
136,0.66355,0.66379,163
137,0.66383,0.66397,122
138,0.66398,0.66415,126
139,0.66415,0.66429,194
140,0.6643,0.66457,152
141,0.66458,0.66412,150
142,0.66408,0.66354,304
143,0.66355,0.6637,269
144,0.66352,0.66387,251
145,0.66386,0.66351,220
146,0.6635,0.6633,247
147,0.66329,0.66322,261
148,0.66321,0.66297,239
149,0.66297,0.66309,199
150,0.6631,0.66345,157
151,0.66345,0.66354,161
152,0.66355,0.66323,194
153,0.66322,0.66318,156
154,0.66316,0.66317,167
155,0.66316,0.66312,186
156,0.66314,0.66358,134
157,0.66359,0.6634,96
158,0.66338,0.66323,136
159,0.66324,0.66326,123
160,0.66327,0.66306,112
161,0.66308,0.66337,190
162,0.66336,0.66315,178
163,0.66315,0.66333,150
164,0.66335,0.66366,144
165,0.66365,0.66369,110
166,0.66367,0.66351,115
167,0.66351,0.66375,141
168,0.66376,0.66391,136
169,0.66392,0.66402,144
170,0.66402,0.66396,158
171,0.66397,0.66402,110
172,0.66402,0.66396,198
173,0.66399,0.66382,133
174,0.66381,0.6639,149
175,0.66389,0.66375,73
176,0.66376,0.66407,109
177,0.66407,0.66436,151
178,0.66437,0.66436,127
179,0.66437,0.66418,154
180,0.66417,0.66387,121
181,0.66387,0.66396,130
182,0.66397,0.66391,104
183,0.66391,0.66387,128
184,0.66387,0.66367,94
185,0.66367,0.66376,94
186,0.66378,0.66405,158
187,0.66406,0.66429,192
188,0.66428,0.66424,117
189,0.66424,0.66408,83
190,0.6641,0.66384,121
191,0.66384,0.66385,135
192,0.66384,0.66388,64
193,0.66389,0.66417,79
194,0.66418,0.66387,136
195,0.66388,0.66398,189
196,0.66399,0.66425,143
197,0.66428,0.66311,496
198,0.6631,0.66292,389
199,0.66291,0.66335,328
200,0.66334,0.66251,396
201,0.66249,0.6624,387
202,0.66238,0.66202,362
203,0.66203,0.66212,305
204,0.66211,0.66229,272
205,0.6623,0.66184,288
206,0.66185,0.66194,257
207,0.66195,0.66186,243
208,0.66185,0.66169,195
209,0.66169,0.66127,363
210,0.66127,0.6613,337
211,0.66128,0.66134,299
212,0.66135,0.66118,270
213,0.66117,0.66081,288
214,0.66083,0.66089,278
215,0.66095,0.66081,384
216,0.66082,0.66135,408
217,0.66135,0.66124,272
218,0.66126,0.66128,310
219,0.66127,0.66112,282
220,0.66113,0.66121,252
221,0.66122,0.66142,259
222,0.66144,0.66096,266
223,0.66095,0.66062,307
224,0.66063,0.66065,302
225,0.66067,0.66071,281
226,0.66072,0.66098,304
227,0.66099,0.66108,335
228,0.66107,0.66107,237
229,0.66106,0.66065,218
230,0.66066,0.66056,180
231,0.66057,0.66066,202
232,0.66066,0.66124,218
233,0.66123,0.66123,171
234,0.66122,0.66138,120
235,0.66137,0.66137,145
236,0.66138,0.66177,170
237,0.66178,0.66173,203
238,0.66174,0.66165,273
239,0.66165,0.66173,240
240,0.66173,0.66147,158
241,0.66148,0.66133,228
242,0.66133,0.66128,183
243,0.66127,0.66121,170
244,0.66117,0.66083,143
245,0.66082,0.66089,139
246,0.6609,0.6608,139
247,0.66081,0.66083,83
248,0.66083,0.66072,131
249,0.66073,0.66094,91
250,0.66094,0.66081,139
251,0.6608,0.66078,130
252,0.66079,0.66082,112
253,0.6608,0.6607,105
254,0.66071,0.66096,135
255,0.66096,0.66103,152
256,0.66102,0.66095,229
257,0.66096,0.66109,190
258,0.66108,0.66087,94
259,0.66086,0.6609,81
260,0.66089,0.66092,75
261,0.6609,0.6608,103
262,0.66079,0.66092,135
263,0.66092,0.66101,94
264,0.66101,0.66083,77
265,0.66082,0.66087,106
266,0.6609,0.66092,94
267,0.66092,0.66114,62
268,0.66116,0.66128,73
269,0.66128,0.66133,69
270,0.66131,0.66117,54
271,0.66119,0.66113,100
272,0.66113,0.6614,83
273,0.6614,0.66132,106
274,0.66132,0.66132,130
275,0.66135,0.66138,164
276,0.66136,0.6615,103
277,0.66149,0.66163,102
278,0.66164,0.6618,129
279,0.66181,0.66159,154
280,0.66158,0.66175,119
281,0.66177,0.66191,173
282,0.66192,0.66191,151
283,0.6619,0.66215,124
284,0.66215,0.66213,143
285,0.66219,0.66211,159
286,0.66212,0.6624,201
287,0.66239,0.66221,116
288,0.6622,0.66213,59
289,0.66213,0.66234,45
290,0.66234,0.66236,77
291,0.66236,0.66232,80
292,0.66232,0.66227,30
293,0.66227,0.66232,22
294,0.66232,0.66231,44
295,0.66231,0.66226,20
296,0.66226,0.6622,76
297,0.6622,0.66223,34
298,0.66223,0.66205,83
299,0.66147,0.66173,11
