,Unnamed: 0,Time,Open,High,Low,Close,tick_volume,spread,real_volume,session,ema_20,sma_20,sma_200,BullishCross,hammer,ma_20,piercingpattern,threesoliders,engulfing,three_inside,three_outside,three_line_strike,sticksandwish,darkcloudcover,BearishCross,eveningstar,eveningdojistar,gravestonedoji,invertedhammer,hangingman
0,0,2023-05-17 23:05:00,0.66608,0.66615,0.66603,0.66608,64,16,0,False,,,,False,0,,0,0,0,0,0,0,0,0,False,0,0,0,0,0
1,1,2023-05-17 23:10:00,0.66608,0.66617,0.66603,0.66615,72,16,0,False,,,,False,0,,0,0,0,0,0,0,0,0,False,0,0,0,0,0
2,2,2023-05-17 23:15:00,0.66616,0.66617,0.66604,0.66607,77,16,0,False,,,,False,0,,0,0,-100,0,0,0,0,0,False,0,0,0,0,0
3,3,2023-05-17 23:20:00,0.66604,0.66605,0.66598,0.66602,19,16,0,False,,,,False,0,,0,0,0,0,-100,0,0,0,False,0,0,0,0,0
4,4,2023-05-17 23:25:00,0.66603,0.66603,0.66591,0.66595,78,16,0,False,,,,False,0,,0,0,0,0,0,0,0,0,False,0,0,0,0,0
5,5,2023-05-17 23:30:00,0.66595,0.66604,0.66586,0.66589,44,16,0,False,,,,False,0,,0,0,0,0,0,0,0,0,False,0,0,0,0,0
6,6,2023-05-17 23:35:00,0.6659,0.6659,0.66587,0.66587,20,16,0,False,,,,False,0,,0,0,0,0,0,0,0,0,False,0,0,0,0,0
7,7,2023-05-17 23:40:00,0.66588,0.66588,0.66579,0.66581,14,16,0,False,,,,False,0,,0,0,0,0,0,0,0,0,False,0,0,0,0,0
8,8,2023-05-17 23:45:00,0.66582,0.66587,0.66582,0.66587,14,16,0,False,,,,False,0,,0,0,0,0,0,0,0,0,False,0,0,0,0,0
9,9,2023-05-17 23:50:00,0.66587,0.66587,0.6658,0.66581,30,16,0,False,,,,False,0,,0,0,0,0,0,0,100,0,False,0,0,0,0,0
10,10,2023-05-17 23:55:00,0.6658,0.66588,0.6658,0.66582,34,16,0,False,,,,False,0,,0,0,0,0,0,0,0,0,False,0,0,0,0,0
11,11,2023-05-18 00:00:00,0.6658,0.6658,0.66575,0.66575,4,37,0,False,,,,False,0,,0,0,0,0,0,0,0,0,False,0,0,0,0,0
12,12,2023-05-18 00:05:00,0.66578,0.66578,0.66573,0.66575,13,49,0,False,,,,False,0,,0,0,0,0,0,0,0,0,False,0,0,0,0,0
13,13,2023-05-18 00:10:00,0.66575,0.66613,0.66573,0.66601,22,39,0,False,,,,False,0,,0,0,0,0,0,0,0,0,False,0,0,0,0,0
14,14,2023-05-18 00:15:00,0.66604,0.66634,0.6658,0.6662,59,44,0,False,,,,False,0,,0,0,0,0,0,0,0,0,False,0,0,0,0,0
15,15,2023-05-18 00:20:00,0.66622,0.66622,0.66599,0.66599,26,34,0,False,,,,False,0,,0,0,-100,0,0,0,0,0,False,0,0,0,0,0
16,16,2023-05-18 00:25:00,0.66604,0.66622,0.66604,0.66622,12,31,0,False,,,,False,0,,0,0,0,0,0,0,0,0,False,0,0,0,0,0
17,17,2023-05-18 00:30:00,0.66622,0.66624,0.6661,0.66622,28,28,0,False,,,,False,0,,0,0,0,0,0,0,0,0,False,0,0,0,0,0
18,18,2023-05-18 00:35:00,0.66622,0.66622,0.66606,0.66607,20,22,0,False,,,,False,0,,0,0,0,0,0,0,0,0,False,0,0,0,0,0
19,19,2023-05-18 00:40:00,0.66607,0.66607,0.66586,0.66593,47,20,0,False,0.6659740000000001,0.6659740000000001,,False,0,0.6659740000000001,0,0,0,0,0,0,0,0,False,0,0,0,0,0
20,20,2023-05-18 00:45:00,0.66592,0.66592,0.66587,0.66589,20,35,0,False,0.6659660000000001,0.6659645000000001,,False,0,0.6659645000000001,0,0,0,0,0,0,0,0,False,0,0,0,0,0
21,21,2023-05-18 00:50:00,0.66587,0.66592,0.66587,0.6659,22,35,0,False,0.6659597142857143,0.6659520000000001,,False,0,0.6659520000000001,0,0,0,0,0,0,0,0,False,0,0,0,0,0
22,22,2023-05-18 00:55:00,0.66591,0.66605,0.66589,0.66602,52,32,0,False,0.6659654557823129,0.6659495000000001,,False,0,0.6659495000000001,0,0,0,0,0,0,0,0,False,0,0,0,0,0
23,23,2023-05-18 01:00:00,0.66603,0.66611,0.66588,0.66591,56,18,0,False,0.6659601742792355,0.6659440000000001,,False,0,0.6659440000000001,0,0,0,0,0,0,0,0,False,0,0,0,0,0
24,24,2023-05-18 01:05:00,0.66592,0.66593,0.6659,0.66592,18,17,0,False,0.6659563481574036,0.6659425000000001,,False,0,0.6659425000000001,0,0,0,0,0,0,0,0,False,0,0,0,0,0
25,25,2023-05-18 01:10:00,0.66592,0.66608,0.66591,0.66605,97,17,0,False,0.665965267380508,0.6659505000000001,,False,0,0.6659505000000001,0,0,0,0,0,0,0,0,False,0,0,0,0,0
26,26,2023-05-18 01:15:00,0.66605,0.6661,0.66605,0.66607,98,16,0,False,0.6659752419156977,0.6659605000000001,,False,0,0.6659605000000001,0,0,0,0,0,0,0,0,False,0,0,0,0,0
27,27,2023-05-18 01:20:00,0.66606,0.66607,0.66597,0.66604,86,16,0,False,0.6659814093522979,0.6659720000000001,,False,100,0.6659720000000001,0,0,0,0,0,0,0,0,False,0,0,0,0,0
28,28,2023-05-18 01:25:00,0.66604,0.66611,0.66601,0.66604,47,16,0,False,0.6659869894139838,0.6659805000000001,,False,0,0.6659805000000001,0,0,0,0,0,0,0,0,False,0,0,0,0,0
29,29,2023-05-18 01:30:00,0.66605,0.66614,0.66591,0.66591,104,16,0,False,0.6659796570888425,0.6659855000000001,,False,0,0.6659855000000001,0,0,-100,0,0,0,0,0,False,0,0,0,0,0
30,30,2023-05-18 01:35:00,0.6659,0.6659,0.66579,0.66586,58,16,0,False,0.6659682611756195,0.6659875000000002,,False,100,0.6659875000000002,0,0,0,0,-100,0,0,0,False,0,0,0,0,0
31,31,2023-05-18 01:40:00,0.66586,0.66598,0.66586,0.66592,52,16,0,False,0.6659636648731795,0.6659960000000001,,False,0,0.6659960000000001,0,0,0,0,0,0,0,0,False,0,0,0,0,0
32,32,2023-05-18 01:45:00,0.66593,0.66597,0.66581,0.66597,62,16,0,False,0.665964268218591,0.6660070000000002,,False,0,0.6660070000000002,0,0,0,0,0,0,0,0,False,0,0,0,0,0
33,33,2023-05-18 01:50:00,0.66597,0.66601,0.66589,0.66601,92,16,0,False,0.6659686236263442,0.6660070000000002,,False,0,0.6660070000000002,0,0,0,0,0,0,0,0,False,0,0,0,0,0
34,34,2023-05-18 01:55:00,0.66601,0.66603,0.66591,0.66591,43,16,0,False,0.6659630404238353,0.6659925000000002,,False,0,0.6659925000000002,0,0,0,0,0,0,0,0,False,0,0,0,0,0
35,35,2023-05-18 02:00:00,0.66591,0.66591,0.66561,0.66578,116,16,0,False,0.6659456080025176,0.6659820000000002,,False,0,0.6659820000000002,0,0,0,0,0,0,0,0,False,0,0,0,0,0
36,36,2023-05-18 02:05:00,0.66579,0.6659,0.66577,0.66581,100,16,0,False,0.6659326929546587,0.6659615000000002,,False,0,0.6659615000000002,0,0,0,0,0,0,0,0,False,0,0,0,0,0
37,37,2023-05-18 02:10:00,0.66581,0.66581,0.66569,0.6657,112,16,0,False,0.6659105317208817,0.6659355000000002,,False,0,0.6659355000000002,0,0,0,0,0,0,0,0,False,0,0,0,0,0
38,38,2023-05-18 02:15:00,0.66571,0.66576,0.66555,0.66556,48,16,0,False,0.6658771477474643,0.6659100000000002,,False,0,0.6659100000000002,0,0,0,0,0,0,0,0,False,0,0,0,0,0
39,39,2023-05-18 02:20:00,0.66556,0.66559,0.66551,0.66556,43,16,0,False,0.6658469432000867,0.6658915000000002,,False,0,0.6658915000000002,0,0,0,0,0,0,0,0,False,0,0,0,0,0
40,40,2023-05-18 02:25:00,0.66555,0.66586,0.66555,0.66574,75,16,0,False,0.6658367581334118,0.6658840000000003,,False,0,0.6658840000000003,0,0,0,0,0,0,0,0,False,0,0,0,0,0
41,41,2023-05-18 02:30:00,0.66574,0.66574,0.6656,0.66567,64,16,0,False,0.6658208764064202,0.6658725000000002,,False,0,0.6658725000000002,0,0,0,0,0,0,0,0,False,0,0,0,0,0
42,42,2023-05-18 02:35:00,0.66568,0.66576,0.66565,0.66567,57,16,0,False,0.6658065072248563,0.6658550000000003,,False,0,0.6658550000000003,0,0,0,0,0,0,0,0,False,0,0,0,0,0
43,43,2023-05-18 02:40:00,0.66566,0.66576,0.66565,0.66566,77,16,0,False,0.6657925541558224,0.6658425000000003,,False,0,0.6658425000000003,0,0,0,0,0,0,0,0,False,0,0,100,100,100
44,44,2023-05-18 02:45:00,0.66566,0.66566,0.66554,0.66561,42,16,0,False,0.6657751680457441,0.6658270000000004,,False,100,0.6658270000000004,0,0,0,0,0,0,0,0,False,0,0,0,0,0
45,45,2023-05-18 02:50:00,0.6656,0.66561,0.66544,0.66545,67,16,0,False,0.6657441996604352,0.6657970000000003,,False,0,0.6657970000000003,0,0,0,0,0,0,0,0,False,0,0,0,0,0
46,46,2023-05-18 02:55:00,0.66544,0.6655,0.6654,0.6655,86,16,0,False,0.6657209425499175,0.6657685000000003,,False,0,0.6657685000000003,0,0,0,0,0,0,0,0,False,0,0,0,0,0
47,47,2023-05-18 03:00:00,0.6655,0.66576,0.66548,0.66576,212,16,0,False,0.6657246623070683,0.6657545000000004,,False,0,0.6657545000000004,0,0,0,0,0,0,0,0,False,0,0,0,0,0
48,48,2023-05-18 03:05:00,0.66577,0.66597,0.66576,0.66589,132,16,0,False,0.6657404087540142,0.6657470000000003,,False,0,0.6657470000000003,0,0,0,0,0,0,0,0,False,0,0,0,0,0
49,49,2023-05-18 03:10:00,0.6659,0.66606,0.6659,0.66595,124,16,0,False,0.6657603698250605,0.6657490000000003,,False,0,0.6657490000000003,0,0,0,0,0,0,0,0,False,0,0,0,0,0
50,50,2023-05-18 03:15:00,0.66595,0.66603,0.66581,0.66591,163,16,0,False,0.6657746203179119,0.6657515000000003,,False,0,0.6657515000000003,0,0,0,0,0,0,0,0,False,0,0,0,0,0
51,51,2023-05-18 03:20:00,0.66592,0.66641,0.66591,0.66639,126,16,0,False,0.6658332279066822,0.6657750000000002,,False,0,0.6657750000000002,0,0,0,0,0,0,0,0,False,0,0,0,0,0
52,52,2023-05-18 03:25:00,0.6664,0.66663,0.6664,0.66651,131,16,0,False,0.6658976823917601,0.6658020000000003,,False,0,0.6658020000000003,0,0,0,0,0,0,0,0,False,0,0,0,0,0
53,53,2023-05-18 03:30:00,0.66651,0.66657,0.66625,0.66626,161,16,0,False,0.6659321888306401,0.6658145000000003,,False,0,0.6658145000000003,0,0,0,0,0,0,0,0,False,-100,0,0,0,0
54,54,2023-05-18 03:35:00,0.66626,0.66634,0.66621,0.6663,124,16,0,False,0.6659672184658172,0.6658340000000003,,False,0,0.6658340000000003,0,0,0,0,0,0,0,0,False,0,0,0,0,0
55,55,2023-05-18 03:40:00,0.66631,0.66648,0.66616,0.66646,174,16,0,False,0.6660141500405012,0.6658680000000003,,False,0,0.6658680000000003,0,0,0,0,0,0,0,0,False,0,0,0,0,0
56,56,2023-05-18 03:45:00,0.66645,0.66659,0.66641,0.66652,206,16,0,False,0.6660623262271201,0.6659035000000003,,False,0,0.6659035000000003,0,0,0,0,0,0,0,0,False,0,0,0,0,0
57,57,2023-05-18 03:50:00,0.66651,0.66669,0.66585,0.66593,229,16,0,False,0.6660497237292992,0.6659150000000003,,False,0,0.6659150000000003,0,0,0,0,0,0,0,0,False,0,0,0,0,0
58,58,2023-05-18 03:55:00,0.66595,0.66616,0.66554,0.66555,187,16,0,False,0.6660021309931754,0.6659145000000003,,False,0,0.6659145000000003,0,0,0,0,0,0,0,0,False,0,0,0,0,0
59,59,2023-05-18 04:00:00,0.66555,0.66567,0.66526,0.66535,274,16,0,False,0.6659400232795396,0.6659040000000004,,False,0,0.6659040000000004,0,0,0,0,0,0,0,0,False,0,0,0,0,0
60,60,2023-05-18 04:05:00,0.66534,0.66571,0.66532,0.66565,168,16,0,False,0.6659124020148215,0.6658995000000003,,False,0,0.6658995000000003,0,0,100,0,0,0,0,0,False,0,0,0,0,0
61,61,2023-05-18 04:10:00,0.66565,0.66592,0.66565,0.66578,199,16,0,False,0.6658997922991242,0.6659050000000003,,False,0,0.6659050000000003,0,0,0,0,100,0,0,0,False,0,0,0,0,0
62,62,2023-05-18 04:15:00,0.66579,0.6661,0.66571,0.66597,267,16,0,False,0.6659064787468266,0.6659200000000003,,False,0,0.6659200000000003,0,0,0,0,0,0,0,0,False,0,0,0,0,0
63,63,2023-05-18 04:20:00,0.666,0.66631,0.666,0.66628,190,16,0,False,0.6659420521995097,0.6659510000000003,,False,0,0.6659510000000003,0,0,0,0,0,0,0,0,False,0,0,0,0,0
64,64,2023-05-18 04:25:00,0.66627,0.66658,0.66619,0.66645,212,16,0,False,0.6659904281805088,0.6659930000000002,,False,0,0.6659930000000002,0,0,0,0,0,0,0,0,False,0,0,0,0,0
65,65,2023-05-18 04:30:00,0.66644,0.66644,0.66288,0.66352,613,16,0,False,0.6657551493061746,0.6658965000000002,,False,0,0.6658965000000002,0,0,0,0,0,0,0,0,False,0,0,0,0,0
66,66,2023-05-18 04:35:00,0.66351,0.6642,0.66334,0.6635,452,16,0,False,0.6655403731817771,0.6657965000000002,,False,0,0.6657965000000002,0,0,0,0,0,0,0,0,False,0,0,0,0,0
67,67,2023-05-18 04:40:00,0.6635,0.66366,0.66305,0.66361,270,16,0,False,0.6653565281168459,0.6656890000000002,,False,100,0.6656890000000002,0,0,0,0,0,0,0,0,False,0,0,0,0,0
68,68,2023-05-18 04:45:00,0.66365,0.6642,0.66362,0.66417,254,16,0,False,0.6652435254390511,0.6656030000000003,,False,0,0.6656030000000003,0,0,0,0,0,0,0,0,False,0,0,0,0,0
69,69,2023-05-18 04:50:00,0.66416,0.66436,0.66408,0.66418,227,16,0,False,0.6651422373019986,0.6655145000000002,,False,0,0.6655145000000002,0,0,0,0,0,0,0,0,False,0,0,0,0,0
70,70,2023-05-18 04:55:00,0.66413,0.66439,0.66397,0.66437,247,16,0,False,0.6650686908922845,0.6654375000000002,,False,0,0.6654375000000002,0,0,0,0,0,0,0,0,False,0,0,0,0,0
71,71,2023-05-18 05:00:00,0.66438,0.66464,0.66429,0.66435,240,16,0,False,0.6650002441406383,0.6653355000000003,,False,0,0.6653355000000003,0,0,0,0,0,0,0,0,False,0,0,100,0,0
72,72,2023-05-18 05:05:00,0.66434,0.6644,0.66402,0.66432,219,16,0,False,0.664935458984387,0.6652260000000003,,False,100,0.6652260000000003,0,0,0,0,0,0,0,0,False,0,0,0,0,0
73,73,2023-05-18 05:10:00,0.6643,0.66441,0.66396,0.66441,226,16,0,False,0.6648854152715882,0.6651335000000003,,False,0,0.6651335000000003,0,0,100,0,0,0,0,0,False,0,0,0,0,0
74,74,2023-05-18 05:15:00,0.66445,0.66466,0.66436,0.66465,173,16,0,False,0.6648629947695321,0.6650510000000003,,False,0,0.6650510000000003,0,0,0,0,100,0,0,0,False,0,0,0,0,0
75,75,2023-05-18 05:20:00,0.66466,0.6651,0.66459,0.66478,221,16,0,False,0.6648550905057672,0.6649670000000003,,False,0,0.6649670000000003,0,0,0,0,0,0,0,0,False,0,0,0,0,0
76,76,2023-05-18 05:25:00,0.66479,0.66486,0.66459,0.66479,224,16,0,False,0.6648488914099798,0.6648805000000003,,False,0,0.6648805000000003,0,0,0,0,0,0,0,0,False,0,0,0,0,0
77,77,2023-05-18 05:30:00,0.6648,0.66514,0.66472,0.66486,162,16,0,False,0.6648499493709341,0.6648270000000004,,False,0,0.6648270000000004,0,0,0,0,0,0,0,0,False,0,0,0,0,0
78,78,2023-05-18 05:35:00,0.66485,0.66485,0.66449,0.66451,209,16,0,False,0.6648175732403689,0.6647750000000003,,False,0,0.6647750000000003,0,0,0,0,0,0,0,0,False,0,0,0,0,0
79,79,2023-05-18 05:40:00,0.66452,0.66465,0.66443,0.66454,184,16,0,False,0.6647911376936672,0.6647345000000005,,False,0,0.6647345000000005,0,0,0,0,0,0,0,0,False,0,0,0,0,0
80,80,2023-05-18 05:45:00,0.66452,0.66495,0.66452,0.66491,166,16,0,False,0.6648024579133179,0.6646975000000005,,False,0,0.6646975000000005,0,0,0,100,0,0,0,0,False,0,0,0,0,0
81,81,2023-05-18 05:50:00,0.66492,0.66525,0.66484,0.66522,141,16,0,False,0.6648422238263353,0.6646695000000005,,False,0,0.6646695000000005,0,0,0,0,0,0,0,0,False,0,0,0,0,0
82,82,2023-05-18 05:55:00,0.66521,0.66532,0.66517,0.66521,207,16,0,False,0.6648772501285891,0.6646315000000005,,False,0,0.6646315000000005,0,0,0,0,0,0,0,0,False,0,0,0,0,0
83,83,2023-05-18 06:00:00,0.66522,0.66557,0.66521,0.66553,181,16,0,True,0.6649394167830092,0.6645940000000005,,False,0,0.6645940000000005,0,0,0,0,0,0,0,0,False,0,0,0,0,0
84,84,2023-05-18 06:05:00,0.66553,0.66561,0.6654,0.66555,183,16,0,True,0.6649975675655797,0.6645490000000005,,False,0,0.6645490000000005,0,0,0,0,0,0,0,0,False,0,0,0,0,0
85,85,2023-05-18 06:10:00,0.66553,0.66572,0.66527,0.6653,158,16,0,True,0.6650263706545722,0.6646380000000005,,False,0,0.6646380000000005,0,0,0,0,0,0,0,0,False,0,0,0,0,0
86,86,2023-05-18 06:15:00,0.66531,0.66535,0.66515,0.66527,142,16,0,True,0.6650495734493748,0.6647265000000004,,False,0,0.6647265000000004,0,0,0,0,0,0,0,0,False,0,0,0,0,0
87,87,2023-05-18 06:20:00,0.66527,0.66528,0.66504,0.66524,172,16,0,True,0.6650677093113391,0.6648080000000005,,False,0,0.6648080000000005,0,0,0,0,0,0,0,0,False,0,0,0,0,0
88,88,2023-05-18 06:25:00,0.66523,0.66524,0.66497,0.66497,182,16,0,True,0.6650584036626401,0.6648480000000004,,False,0,0.6648480000000004,0,0,0,0,0,0,0,0,False,0,0,0,0,0
89,89,2023-05-18 06:30:00,0.66497,0.66521,0.66496,0.66501,164,16,0,True,0.6650537937900077,0.6648895000000005,,False,0,0.6648895000000005,0,0,0,0,0,0,0,0,False,0,0,0,0,0
90,90,2023-05-18 06:35:00,0.66501,0.66514,0.66468,0.66481,165,16,0,True,0.6650305753338165,0.6649115000000004,,False,0,0.6649115000000004,0,0,0,0,0,0,0,0,False,0,0,0,0,0
91,91,2023-05-18 06:40:00,0.66481,0.66513,0.66477,0.66507,128,16,0,True,0.6650343300639292,0.6649475000000005,,False,0,0.6649475000000005,0,0,0,0,0,0,0,0,False,0,0,0,0,0
92,92,2023-05-18 06:45:00,0.66508,0.66518,0.66502,0.66517,145,16,0,True,0.6650472510102217,0.6649900000000004,,False,0,0.6649900000000004,0,0,0,0,0,0,0,0,False,0,0,0,0,0
93,93,2023-05-18 06:50:00,0.66516,0.6652,0.66507,0.66511,125,16,0,True,0.6650532271044862,0.6650250000000004,,False,0,0.6650250000000004,0,0,0,0,0,0,0,0,False,0,0,0,0,0
94,94,2023-05-18 06:55:00,0.66508,0.66516,0.66487,0.66493,93,16,0,True,0.6650414911897733,0.6650390000000004,,False,0,0.6650390000000004,0,0,0,0,0,0,0,0,False,0,0,0,0,0
95,95,2023-05-18 07:00:00,0.66492,0.665,0.66444,0.66445,191,16,0,True,0.6649851586955091,0.6650225000000004,,False,0,0.6650225000000004,0,0,0,0,0,0,0,0,False,0,0,0,0,0
96,96,2023-05-18 07:05:00,0.66444,0.66458,0.66428,0.66458,118,16,0,True,0.6649465721530796,0.6650120000000005,,False,100,0.6650120000000005,0,0,0,0,0,0,0,0,False,0,0,0,0,0
97,97,2023-05-18 07:10:00,0.66457,0.66464,0.66442,0.66459,105,16,0,True,0.6649126129004054,0.6649985000000005,,False,0,0.6649985000000005,0,0,0,0,0,0,0,0,False,0,0,0,0,0
98,98,2023-05-18 07:15:00,0.66458,0.66495,0.66458,0.66492,181,16,0,True,0.6649133164337001,0.6650190000000005,,False,0,0.6650190000000005,0,0,0,0,0,0,0,0,False,0,0,0,0,0
99,99,2023-05-18 07:20:00,0.66492,0.66492,0.66469,0.6648,166,16,0,True,0.6649025243923953,0.6650320000000004,,False,0,0.6650320000000004,0,0,0,0,0,0,0,0,False,0,0,0,0,0
100,100,2023-05-18 07:25:00,0.66479,0.66508,0.66478,0.66496,167,16,0,True,0.6649079982597862,0.6650345000000004,,False,0,0.6650345000000004,0,0,100,0,0,0,0,0,False,0,0,0,0,0
101,101,2023-05-18 07:30:00,0.66497,0.66499,0.66486,0.6649,129,16,0,True,0.6649072365207589,0.6650185000000004,,False,0,0.6650185000000004,0,0,0,0,0,0,0,0,False,0,0,0,0,0
102,102,2023-05-18 07:35:00,0.66491,0.66493,0.66478,0.66485,137,16,0,True,0.6649017854235437,0.6650005000000003,,False,100,0.6650005000000003,0,0,0,0,0,0,0,0,False,0,0,0,0,0
103,103,2023-05-18 07:40:00,0.66486,0.66486,0.66464,0.66466,157,16,0,True,0.664878758240349,0.6649570000000004,,False,0,0.6649570000000004,0,0,0,0,0,0,0,0,False,0,0,0,0,0
104,104,2023-05-18 07:45:00,0.66467,0.66476,0.66459,0.66476,128,16,0,True,0.6648674479317443,0.6649175000000003,,False,0,0.6649175000000003,0,0,0,0,0,0,0,0,False,0,0,0,0,0
105,105,2023-05-18 07:50:00,0.66475,0.66497,0.66474,0.66493,123,16,0,True,0.6648734052715782,0.6648990000000004,,False,0,0.6648990000000004,0,0,0,100,0,0,0,0,False,0,0,0,0,0
106,106,2023-05-18 07:55:00,0.66492,0.66504,0.66484,0.66502,122,16,0,True,0.664887366674285,0.6648865000000004,,False,0,0.6648865000000004,0,0,0,0,0,0,0,0,False,0,0,0,0,0
107,107,2023-05-18 08:00:00,0.66503,0.66506,0.66475,0.66476,151,16,0,True,0.6648752365148294,0.6648625000000002,,False,0,0.6648625000000002,0,0,-100,0,0,0,0,0,False,0,0,0,0,0
108,108,2023-05-18 08:05:00,0.6648,0.66488,0.6646,0.6646,127,16,0,True,0.664849023513417,0.6648440000000002,,False,0,0.6648440000000002,0,0,0,0,-100,0,0,0,False,0,0,0,0,0
109,109,2023-05-18 08:10:00,0.66457,0.6646,0.66433,0.66457,221,16,0,True,0.6648224498454726,0.6648220000000002,,False,0,0.6648220000000002,0,0,0,0,0,0,0,0,False,0,0,0,0,0
110,110,2023-05-18 08:15:00,0.66456,0.66465,0.66443,0.66456,165,16,0,True,0.6647974546220943,0.6648095000000003,,False,0,0.6648095000000003,0,0,0,0,0,0,0,0,False,0,0,0,0,0
111,111,2023-05-18 08:20:00,0.66457,0.66466,0.66434,0.66438,149,16,0,True,0.6647576970390376,0.6647750000000002,,False,0,0.6647750000000002,0,0,-100,0,0,0,0,0,False,0,0,0,0,0
112,112,2023-05-18 08:25:00,0.66437,0.66474,0.66435,0.66473,203,16,0,True,0.6647550592257959,0.6647530000000003,,False,0,0.6647530000000003,0,0,100,0,0,0,0,0,False,0,0,0,0,0
113,113,2023-05-18 08:30:00,0.66472,0.66484,0.66458,0.66483,182,16,0,True,0.6647621964423868,0.6647390000000002,,False,0,0.6647390000000002,0,0,0,0,100,0,0,0,False,0,0,0,0,0
114,114,2023-05-18 08:35:00,0.66482,0.66511,0.66469,0.66472,188,16,0,True,0.664758177733588,0.6647285000000002,,False,0,0.6647285000000002,0,0,0,0,0,0,0,0,False,0,0,0,0,0
115,115,2023-05-18 08:40:00,0.66473,0.66484,0.66429,0.66433,225,16,0,True,0.6647173989018177,0.6647225000000001,,False,0,0.6647225000000001,0,0,0,0,0,0,0,0,False,0,0,0,0,0
116,116,2023-05-18 08:45:00,0.66434,0.66447,0.66427,0.66431,137,16,0,True,0.6646785990064065,0.6647090000000002,,False,0,0.6647090000000002,0,0,0,0,0,0,0,0,False,0,0,0,0,0
117,117,2023-05-18 08:50:00,0.66431,0.66456,0.66418,0.66452,141,16,0,True,0.6646634943391296,0.6647055000000002,,False,0,0.6647055000000002,0,0,0,0,0,0,0,0,False,0,0,0,0,0
118,118,2023-05-18 08:55:00,0.66453,0.66469,0.66448,0.66452,151,16,0,True,0.6646498282115935,0.6646855000000002,,False,0,0.6646855000000002,0,0,0,0,0,0,0,0,False,0,0,0,0,0
119,119,2023-05-18 09:00:00,0.66451,0.66488,0.66448,0.66481,225,16,0,True,0.6646650826676321,0.6646860000000001,,False,0,0.6646860000000001,0,0,100,0,0,0,0,0,False,0,0,0,0,0
120,120,2023-05-18 09:05:00,0.6648,0.66481,0.66452,0.66453,173,16,0,True,0.6646522176516672,0.6646645,,False,0,0.6646645,0,0,0,0,0,0,0,0,False,0,0,0,0,0
121,121,2023-05-18 09:10:00,0.66454,0.66468,0.66453,0.66461,142,16,0,True,0.664648196922937,0.6646500000000001,,False,0,0.6646500000000001,0,0,0,0,0,0,0,0,False,0,0,0,0,0
122,122,2023-05-18 09:15:00,0.66461,0.66462,0.66441,0.66456,163,16,0,True,0.6646397972159906,0.6646355,,False,100,0.6646355,0,0,0,0,0,0,0,0,False,0,0,0,0,0
123,123,2023-05-18 09:20:00,0.66457,0.66547,0.66443,0.66541,260,16,0,True,0.6647131498620867,0.6646730000000001,,False,0,0.6646730000000001,0,0,0,0,0,0,0,0,False,0,0,0,0,0
124,124,2023-05-18 09:25:00,0.66542,0.66562,0.66518,0.66552,190,16,0,True,0.6647899927323642,0.6647110000000002,,False,0,0.6647110000000002,0,0,0,0,0,0,0,0,False,0,0,0,0,0
125,125,2023-05-18 09:30:00,0.66553,0.66559,0.66518,0.66521,196,16,0,True,0.66482999342452,0.6647250000000001,,False,0,0.6647250000000001,0,0,-100,0,0,0,0,0,False,-100,0,0,0,0
126,126,2023-05-18 09:35:00,0.66522,0.66522,0.66497,0.66502,151,16,0,True,0.6648480892888514,0.6647250000000001,,False,0,0.6647250000000001,0,0,0,0,-100,0,0,0,False,0,0,0,0,0
127,127,2023-05-18 09:40:00,0.66501,0.66501,0.66462,0.66462,167,16,0,True,0.664826366499437,0.6647180000000001,,False,0,0.6647180000000001,0,0,0,0,0,0,0,0,False,0,0,0,0,0
128,128,2023-05-18 09:45:00,0.66463,0.66464,0.66425,0.66446,173,16,0,True,0.6647914744518716,0.6647110000000002,,False,100,0.6647110000000002,0,0,0,0,0,0,0,0,False,0,0,0,0,0
129,129,2023-05-18 09:50:00,0.66446,0.66446,0.66363,0.66365,139,16,0,True,0.6646827625993124,0.6646650000000002,,False,0,0.6646650000000002,0,0,0,0,0,0,0,0,False,0,0,0,0,0
130,130,2023-05-18 09:55:00,0.6636,0.66379,0.66345,0.6637,116,16,0,True,0.6645891661612826,0.6646220000000003,,False,0,0.6646220000000003,0,0,0,0,0,0,0,0,False,0,0,0,0,0
131,131,2023-05-18 10:00:00,0.66371,0.66393,0.66356,0.66365,170,16,0,True,0.66449972176497,0.6645855000000003,,False,0,0.6645855000000003,0,0,0,0,0,0,0,0,False,0,0,0,0,0
132,132,2023-05-18 10:05:00,0.66366,0.66386,0.66358,0.66382,163,16,0,True,0.6644349863587824,0.6645400000000002,,False,0,0.6645400000000002,0,0,0,0,0,0,0,0,False,0,0,0,0,0
133,133,2023-05-18 10:10:00,0.66382,0.66411,0.66376,0.66406,114,16,0,True,0.6643992733722317,0.6645015000000002,,False,0,0.6645015000000002,0,0,0,0,0,0,0,0,False,0,0,0,0,0
134,134,2023-05-18 10:15:00,0.66405,0.66413,0.66356,0.66362,194,16,0,True,0.6643250568605906,0.6644465000000002,,False,0,0.6644465000000002,0,0,0,0,0,0,0,0,False,0,0,0,0,0
135,135,2023-05-18 10:20:00,0.66366,0.66377,0.66348,0.66356,141,16,0,True,0.6642521943024391,0.6644080000000001,,False,0,0.6644080000000001,0,0,0,0,0,0,0,0,False,0,0,0,0,0
136,136,2023-05-18 10:25:00,0.66355,0.66387,0.66354,0.66379,163,16,0,True,0.6642081757974448,0.6643820000000001,,False,0,0.6643820000000001,0,0,100,0,0,0,0,0,False,0,0,0,0,0
137,137,2023-05-18 10:30:00,0.66383,0.66402,0.66376,0.66397,122,16,0,True,0.6641854923881644,0.6643545000000002,,False,0,0.6643545000000002,0,0,0,0,100,0,0,0,False,0,0,0,0,0
138,138,2023-05-18 10:35:00,0.66398,0.66418,0.66381,0.66415,126,16,0,True,0.6641821121607202,0.6643360000000001,,False,0,0.6643360000000001,0,0,0,0,0,0,0,0,False,0,0,0,0,0
139,139,2023-05-18 10:40:00,0.66415,0.66442,0.66411,0.66429,194,16,0,True,0.6641923871930325,0.6643100000000002,,False,0,0.6643100000000002,0,0,0,0,0,0,0,0,False,0,0,0,0,0
140,140,2023-05-18 10:45:00,0.6643,0.66461,0.6643,0.66457,152,16,0,True,0.6642283503175056,0.6643120000000001,,False,0,0.6643120000000001,0,0,0,0,0,0,0,0,False,0,0,0,0,0
141,141,2023-05-18 10:50:00,0.66458,0.66478,0.6641,0.66412,150,16,0,True,0.664218031239648,0.6642875000000001,,False,0,0.6642875000000001,0,0,-100,0,0,0,0,0,False,0,0,0,0,0
142,142,2023-05-18 10:55:00,0.66408,0.66408,0.66322,0.66354,304,16,0,True,0.664153456835872,0.6642365000000001,,False,0,0.6642365000000001,0,0,0,0,-100,0,0,0,False,0,0,0,0,0
143,143,2023-05-18 11:00:00,0.66355,0.66378,0.66345,0.6637,269,16,0,True,0.6641102704705508,0.6641510000000002,,False,0,0.6641510000000002,0,0,0,0,0,0,0,0,False,0,0,0,0,0
144,144,2023-05-18 11:05:00,0.66352,0.66416,0.66347,0.66387,251,16,0,True,0.6640873875685936,0.6640685000000002,,False,0,0.6640685000000002,0,0,0,0,0,0,0,0,False,0,0,0,0,0
145,145,2023-05-18 11:10:00,0.66386,0.66388,0.66337,0.66351,220,16,0,True,0.6640323982763466,0.6639835000000002,,False,0,0.6639835000000002,0,0,0,0,0,0,0,0,False,0,0,0,0,0
146,146,2023-05-18 11:15:00,0.6635,0.66351,0.66316,0.6633,247,16,0,True,0.6639626460595517,0.6638975000000001,,False,0,0.6638975000000001,0,0,0,0,0,0,0,0,False,0,0,0,0,0
147,147,2023-05-18 11:20:00,0.66329,0.66344,0.66317,0.66322,261,16,0,True,0.663891917863404,0.6638275000000002,,False,0,0.6638275000000002,0,0,0,0,0,0,0,0,False,0,0,0,0,0
148,148,2023-05-18 11:25:00,0.66321,0.6635,0.66294,0.66297,239,16,0,True,0.6638041161621274,0.6637530000000001,,False,0,0.6637530000000001,0,0,0,0,0,0,0,0,False,0,0,0,100,100
149,149,2023-05-18 11:30:00,0.66297,0.66326,0.66289,0.66309,199,16,0,True,0.6637361050990677,0.6637250000000001,,False,0,0.6637250000000001,0,0,0,0,0,0,0,0,False,0,0,0,0,0
150,150,2023-05-18 11:35:00,0.6631,0.66349,0.66306,0.66345,157,16,0,True,0.6637088569943945,0.6637125000000001,,False,0,0.6637125000000001,0,0,0,0,0,0,0,0,False,0,0,0,0,0
151,151,2023-05-18 11:40:00,0.66345,0.66369,0.6634,0.66354,161,16,0,True,0.6636927753758808,0.663707,,False,0,0.663707,0,0,0,0,0,0,0,0,False,0,0,0,0,0
152,152,2023-05-18 11:45:00,0.66355,0.66361,0.66321,0.66323,194,16,0,True,0.6636487015305588,0.6636775000000001,,False,0,0.6636775000000001,0,0,-100,0,0,0,0,0,False,0,0,0,0,0
153,153,2023-05-18 11:50:00,0.66322,0.66341,0.66316,0.66318,156,16,0,True,0.6636040632895531,0.6636335000000002,,False,0,0.6636335000000002,0,0,0,0,-100,0,0,0,False,0,0,100,100,100
154,154,2023-05-18 11:55:00,0.66316,0.66328,0.6631,0.66317,167,16,0,True,0.6635627239286433,0.6636110000000002,,False,0,0.6636110000000002,0,0,0,0,0,0,0,0,False,0,0,0,0,0
155,155,2023-05-18 12:00:00,0.66316,0.66319,0.66299,0.66312,186,16,0,True,0.663520559744963,0.6635890000000002,,False,100,0.6635890000000002,0,0,0,0,0,0,0,0,False,0,0,0,0,0
156,156,2023-05-18 12:05:00,0.66314,0.66359,0.66313,0.66358,134,16,0,True,0.6635262207216333,0.6635785000000001,,False,0,0.6635785000000001,0,0,0,0,0,0,0,0,False,0,0,0,0,0
157,157,2023-05-18 12:10:00,0.66359,0.66365,0.6634,0.6634,96,16,0,True,0.6635141997005253,0.6635500000000001,,False,0,0.6635500000000001,0,0,0,0,0,0,0,0,False,0,0,0,0,0
158,158,2023-05-18 12:15:00,0.66338,0.66341,0.66304,0.66323,136,16,0,True,0.66348713306238,0.6635040000000001,,False,100,0.6635040000000001,0,0,0,0,0,0,0,0,False,0,0,0,0,0
159,159,2023-05-18 12:20:00,0.66324,0.66344,0.66322,0.66326,123,17,0,True,0.6634655013421534,0.6634525000000001,,False,0,0.6634525000000001,0,0,0,0,0,0,0,0,False,0,0,100,0,0
160,160,2023-05-18 12:25:00,0.66327,0.66329,0.66305,0.66306,112,16,0,True,0.6634268821667102,0.6633770000000001,,False,0,0.6633770000000001,0,0,-100,0,0,0,0,0,False,0,0,0,0,0
161,161,2023-05-18 12:30:00,0.66308,0.66349,0.66307,0.66337,190,16,0,True,0.6634214648174998,0.6633395000000001,,False,0,0.6633395000000001,0,0,0,0,0,0,0,0,False,0,0,0,0,0
162,162,2023-05-18 12:35:00,0.66336,0.66353,0.66315,0.66315,178,16,0,True,0.6633956110253569,0.6633200000000001,,False,0,0.6633200000000001,0,0,0,0,0,0,0,0,False,0,0,0,0,0
163,163,2023-05-18 12:40:00,0.66315,0.66338,0.66311,0.66333,150,16,0,True,0.6633893623562753,0.6633015000000001,,False,0,0.6633015000000001,0,0,0,0,0,0,0,0,False,0,0,0,0,0
164,164,2023-05-18 12:45:00,0.66335,0.66376,0.66328,0.66366,144,16,0,True,0.6634151373699634,0.6632910000000002,,False,0,0.6632910000000002,0,0,0,0,0,0,0,0,False,0,0,0,0,0
165,165,2023-05-18 12:50:00,0.66365,0.66378,0.66362,0.66369,110,16,0,True,0.6634413147633001,0.6633000000000002,,False,0,0.6633000000000002,0,0,0,0,0,0,0,0,False,0,0,0,0,0
166,166,2023-05-18 12:55:00,0.66367,0.66373,0.66346,0.66351,115,16,0,True,0.6634478562144144,0.6633105000000002,,False,0,0.6633105000000002,0,0,0,0,0,0,0,0,False,0,0,0,0,0
167,167,2023-05-18 13:00:00,0.66351,0.66375,0.66346,0.66375,141,16,0,True,0.6634766318130416,0.6633370000000002,,False,0,0.6633370000000002,0,0,0,0,0,0,0,0,False,0,0,0,0,0
168,168,2023-05-18 13:05:00,0.66376,0.66392,0.66367,0.66391,136,16,0,True,0.6635179049737043,0.6633840000000002,,False,0,0.6633840000000002,0,0,0,0,0,0,0,0,False,0,0,0,0,0
169,169,2023-05-18 13:10:00,0.66392,0.6641,0.66392,0.66402,144,16,0,True,0.6635657235476372,0.6634305000000003,,False,0,0.6634305000000003,0,0,0,0,0,0,0,0,False,0,0,0,0,0
170,170,2023-05-18 13:15:00,0.66402,0.66413,0.66387,0.66396,158,16,0,True,0.6636032736859575,0.6634560000000003,,False,0,0.6634560000000003,0,0,0,0,0,0,0,0,False,0,0,0,0,0
171,171,2023-05-18 13:20:00,0.66397,0.66418,0.66387,0.66402,110,16,0,True,0.6636429619063425,0.6634800000000003,,False,0,0.6634800000000003,0,0,0,0,0,0,0,0,False,0,0,0,0,0
172,172,2023-05-18 13:25:00,0.66402,0.66414,0.66392,0.66396,198,16,0,True,0.6636731560105004,0.6635165000000003,,False,0,0.6635165000000003,0,0,0,0,0,0,0,0,False,0,0,0,0,0
173,173,2023-05-18 13:30:00,0.66399,0.66402,0.66377,0.66382,133,16,0,True,0.6636871411523575,0.6635485000000002,,False,0,0.6635485000000002,0,0,0,0,0,0,0,0,False,0,0,0,0,0
174,174,2023-05-18 13:35:00,0.66381,0.66397,0.66372,0.6639,149,16,0,True,0.6637074134235615,0.6635850000000002,,False,0,0.6635850000000002,0,0,0,0,0,0,0,0,False,0,0,0,0,0
175,175,2023-05-18 13:40:00,0.66389,0.66391,0.66375,0.66375,73,16,0,True,0.6637114692879843,0.6636165000000003,,False,0,0.6636165000000003,0,0,0,0,0,0,0,0,False,0,0,0,0,0
176,176,2023-05-18 13:45:00,0.66376,0.66416,0.66376,0.66407,109,16,0,True,0.663745615070081,0.6636410000000004,,False,0,0.6636410000000004,0,0,0,0,0,0,0,0,False,0,0,0,0,0
177,177,2023-05-18 13:50:00,0.66407,0.66439,0.66401,0.66436,151,16,0,True,0.6638041279205494,0.6636890000000004,,False,0,0.6636890000000004,0,0,0,0,0,0,0,0,False,0,0,0,0,0
178,178,2023-05-18 13:55:00,0.66437,0.6644,0.66423,0.66436,127,16,0,True,0.6638570681185924,0.6637455000000003,,False,0,0.6637455000000003,0,0,0,0,0,0,0,0,False,0,0,0,0,0
179,179,2023-05-18 14:00:00,0.66437,0.66446,0.66417,0.66418,154,16,0,True,0.6638878235358693,0.6637915000000004,,False,0,0.6637915000000004,0,0,0,0,0,0,0,0,False,0,0,0,0,0
180,180,2023-05-18 14:05:00,0.66417,0.66417,0.66381,0.66387,121,16,0,True,0.6638861260562626,0.6638320000000004,,False,0,0.6638320000000004,0,0,0,0,0,0,0,0,False,0,0,0,0,0
181,181,2023-05-18 14:10:00,0.66387,0.66405,0.66387,0.66396,130,16,0,True,0.6638931616699519,0.6638615000000003,,False,0,0.6638615000000003,0,0,0,0,0,0,0,0,False,0,0,0,0,0
182,182,2023-05-18 14:15:00,0.66397,0.66397,0.6638,0.66391,104,16,0,True,0.6638947653204327,0.6638995000000003,,False,100,0.6638995000000003,0,0,0,0,0,0,0,0,False,0,0,0,0,0
183,183,2023-05-18 14:20:00,0.66391,0.66402,0.66387,0.66387,128,16,0,True,0.6638924067184867,0.6639265000000003,,False,0,0.6639265000000003,0,0,0,0,0,0,0,0,False,0,0,0,0,0
184,184,2023-05-18 14:25:00,0.66387,0.66387,0.66362,0.66367,94,16,0,True,0.6638712251262499,0.6639270000000003,,False,0,0.6639270000000003,0,0,0,0,0,0,0,0,False,0,0,0,0,0
185,185,2023-05-18 14:30:00,0.66367,0.66376,0.66349,0.66376,94,16,0,True,0.6638606322570832,0.6639305000000002,,False,0,0.6639305000000002,0,0,0,0,0,0,0,0,False,0,0,0,0,0
186,186,2023-05-18 14:35:00,0.66378,0.66407,0.66374,0.66405,158,16,0,True,0.6638786672802182,0.6639575000000002,,False,0,0.6639575000000002,0,0,0,0,0,0,0,0,False,0,0,0,0,0
187,187,2023-05-18 14:40:00,0.66406,0.66452,0.66404,0.66429,192,16,0,True,0.6639178418249593,0.6639845000000001,,False,0,0.6639845000000001,0,0,0,0,0,0,0,0,False,0,0,0,0,0
188,188,2023-05-18 14:45:00,0.66428,0.66442,0.66414,0.66424,117,16,0,True,0.6639485235559155,0.6640010000000001,,False,0,0.6640010000000001,0,0,0,0,0,0,0,0,False,0,0,0,0,0
189,189,2023-05-18 14:50:00,0.66424,0.6643,0.66404,0.66408,83,16,0,True,0.6639610451220188,0.664004,,False,0,0.664004,0,0,0,0,0,0,0,0,False,0,0,0,0,0
190,190,2023-05-18 14:55:00,0.6641,0.66413,0.66377,0.66384,121,16,0,True,0.6639495170151599,0.6639980000000001,,False,0,0.6639980000000001,0,0,0,0,0,0,0,0,False,0,0,0,0,0
191,191,2023-05-18 15:00:00,0.66384,0.66398,0.66384,0.66385,135,16,0,True,0.6639400392041923,0.6639895000000001,,False,0,0.6639895000000001,0,0,0,0,0,0,0,0,False,0,0,100,0,0
192,192,2023-05-18 15:05:00,0.66384,0.66401,0.6638,0.66388,64,16,0,True,0.6639343211847454,0.6639855000000001,,False,0,0.6639855000000001,0,0,0,0,0,0,0,0,False,0,0,0,0,0
193,193,2023-05-18 15:10:00,0.66389,0.66427,0.66389,0.66417,79,16,0,True,0.6639567667861982,0.6640030000000002,,False,0,0.6640030000000002,0,0,0,0,0,0,0,0,False,0,0,0,0,0
194,194,2023-05-18 15:15:00,0.66418,0.6642,0.66387,0.66387,136,16,0,True,0.6639485032827508,0.6640015000000001,,False,0,0.6640015000000001,0,0,-100,0,0,0,0,0,False,0,0,0,0,0
195,195,2023-05-18 15:20:00,0.66388,0.66422,0.66388,0.66398,189,16,0,True,0.6639515029701079,0.6640130000000002,,False,0,0.6640130000000002,0,0,0,0,0,0,0,0,False,0,0,0,0,0
196,196,2023-05-18 15:25:00,0.66399,0.66429,0.66392,0.66425,143,16,0,True,0.663979931258669,0.6640220000000001,,False,0,0.6640220000000001,0,0,0,100,0,0,0,0,False,0,0,0,0,0
197,197,2023-05-18 15:30:00,0.66428,0.66435,0.66304,0.66311,496,16,0,True,0.6638970806626053,0.6639595,,False,0,0.6639595,0,0,-100,0,0,0,0,0,False,0,0,0,0,0
198,198,2023-05-18 15:35:00,0.6631,0.66377,0.66291,0.66292,389,16,0,True,0.6638040253614048,0.6638875000000001,,False,0,0.6638875000000001,0,0,0,0,-100,0,0,0,False,0,0,0,100,100
199,199,2023-05-18 15:40:00,0.66291,0.66342,0.66287,0.66335,328,16,0,True,0.6637607848507948,0.663846,0.6647622,False,0,0.663846,0,0,100,0,0,0,0,0,True,0,0,0,0,0
200,200,2023-05-18 15:45:00,0.66334,0.66364,0.66251,0.66251,396,16,0,True,0.6636416624840524,0.663778,0.66474435,False,0,0.663778,0,0,0,0,0,0,0,0,True,0,0,0,0,0
201,201,2023-05-18 15:50:00,0.66249,0.66265,0.66212,0.6624,387,16,0,True,0.6635234089141426,0.6637000000000001,0.6647256,False,0,0.6637000000000001,0,0,0,0,0,0,0,0,True,0,0,0,0,0
202,202,2023-05-18 15:55:00,0.66238,0.66238,0.66195,0.66202,362,16,0,True,0.6633802271127958,0.6636055000000001,0.6647053500000001,False,0,0.6636055000000001,0,0,0,0,0,0,0,0,True,0,0,0,0,0
203,203,2023-05-18 16:00:00,0.66203,0.66232,0.66194,0.66212,305,16,0,True,0.6632602054830057,0.663518,0.66468585,False,0,0.663518,0,0,0,0,0,0,0,0,True,0,0,0,0,0
204,204,2023-05-18 16:05:00,0.66211,0.66231,0.66193,0.66229,272,16,0,True,0.6631678049608146,0.6634490000000002,0.6646675500000001,False,0,0.6634490000000002,0,0,0,0,0,0,0,0,True,0,0,0,0,0
205,205,2023-05-18 16:10:00,0.6623,0.66236,0.66183,0.66184,288,16,0,True,0.6630413473454989,0.6633530000000001,0.6646473000000002,False,0,0.6633530000000001,0,0,-100,0,0,0,0,0,True,0,0,0,0,0
206,206,2023-05-18 16:15:00,0.66185,0.66218,0.66175,0.66194,257,16,0,True,0.662936457122118,0.6632475000000001,0.66462765,False,0,0.6632475000000001,0,0,0,0,0,0,0,0,True,0,0,0,0,0
207,207,2023-05-18 16:20:00,0.66195,0.66216,0.66183,0.66186,243,16,0,True,0.662833937396202,0.6631260000000002,0.6646079,False,0,0.6631260000000002,0,0,0,0,0,0,0,0,True,0,0,0,0,0
208,208,2023-05-18 16:25:00,0.66185,0.66201,0.66165,0.66169,195,16,0,True,0.6627249909775161,0.6629985000000003,0.6645869999999999,False,0,0.6629985000000003,0,0,0,0,0,0,0,0,True,0,0,0,0,0
209,209,2023-05-18 16:30:00,0.66169,0.66171,0.66119,0.66127,363,16,0,True,0.6625864204082289,0.6628580000000002,0.6645643,False,0,0.6628580000000002,0,0,0,0,0,0,0,0,True,0,0,0,0,0
210,210,2023-05-18 16:35:00,0.66127,0.66145,0.66108,0.6613,337,16,0,True,0.6624639041788738,0.6627310000000002,0.6645417,False,0,0.6627310000000002,0,0,0,0,0,0,0,0,True,0,0,0,0,0
211,211,2023-05-18 16:40:00,0.66128,0.66151,0.6612,0.66134,299,16,0,True,0.6623568656856478,0.6626055000000003,0.66451965,False,0,0.6626055000000003,0,0,0,0,0,0,0,0,True,0,0,0,0,0
212,212,2023-05-18 16:45:00,0.66135,0.66147,0.66103,0.66118,270,16,0,True,0.6622447832393956,0.6624705000000002,0.6644968,False,0,0.6624705000000002,0,0,-100,0,0,0,0,0,True,0,0,0,0,0
213,213,2023-05-18 16:50:00,0.66117,0.66122,0.66068,0.66081,288,16,0,True,0.662108137216596,0.6623025000000002,0.6644708,False,0,0.6623025000000002,0,0,0,0,-100,0,0,0,True,0,0,0,0,0
214,214,2023-05-18 16:55:00,0.66083,0.66095,0.66052,0.66089,278,16,0,True,0.6619921241483487,0.6621535000000003,0.66444425,False,0,0.6621535000000003,0,0,0,0,0,0,0,0,True,0,0,0,0,0
215,215,2023-05-18 17:00:00,0.66095,0.66144,0.66073,0.66081,384,16,0,True,0.661879540896125,0.6619950000000002,0.6644183499999999,False,0,0.6619950000000002,0,0,-100,0,0,0,0,0,True,0,0,0,0,0
216,216,2023-05-18 17:05:00,0.66082,0.66165,0.66075,0.66135,408,16,0,True,0.6618291084298273,0.6618500000000002,0.6643939999999999,False,0,0.6618500000000002,0,0,0,0,0,0,0,0,True,0,0,0,0,0
217,217,2023-05-18 17:10:00,0.66135,0.66149,0.66122,0.66124,272,16,0,True,0.6617730028650819,0.6617565000000002,0.6643690999999998,False,0,0.6617565000000002,0,0,0,0,0,0,0,0,True,0,0,0,0,0
218,218,2023-05-18 17:15:00,0.66126,0.66145,0.66113,0.66128,310,16,0,True,0.6617260502112645,0.6616745000000002,0.6643451499999999,False,0,0.6616745000000002,0,0,0,0,0,0,0,0,True,0,0,0,0,0
219,219,2023-05-18 17:20:00,0.66127,0.6615,0.66107,0.66112,282,16,0,True,0.6616683311435251,0.6615630000000002,0.6643211,False,0,0.6615630000000002,0,0,0,0,0,0,0,0,True,0,0,0,0,0
220,220,2023-05-18 17:25:00,0.66113,0.66126,0.66089,0.66121,252,16,0,True,0.6616246805584275,0.6614980000000003,0.6642977000000001,False,0,0.6614980000000003,0,0,0,0,0,0,0,0,True,0,0,0,0,0
221,221,2023-05-18 17:30:00,0.66122,0.66144,0.66122,0.66142,259,16,0,True,0.6616051871719106,0.6614490000000003,0.6642753,False,0,0.6614490000000003,0,0,0,0,0,0,0,0,True,0,0,0,0,0
222,222,2023-05-18 17:35:00,0.66144,0.66146,0.66088,0.66096,266,16,0,True,0.6615437407745858,0.6613960000000002,0.66425,False,0,0.6613960000000002,0,0,-100,0,0,0,0,0,True,0,0,0,0,0
223,223,2023-05-18 17:40:00,0.66095,0.66095,0.66052,0.66062,307,16,0,True,0.6614557654627204,0.6613210000000003,0.66422355,False,0,0.6613210000000003,0,0,0,0,-100,0,0,0,True,0,0,0,0,0
224,224,2023-05-18 17:45:00,0.66063,0.66082,0.66043,0.66065,302,16,0,True,0.6613790258948423,0.6612390000000002,0.6641971999999999,False,0,0.6612390000000002,0,0,0,0,0,0,0,0,True,0,0,0,0,0
225,225,2023-05-18 17:50:00,0.66067,0.66085,0.66052,0.66071,281,16,0,True,0.6613153091429526,0.6611825000000002,0.6641704999999999,False,0,0.6611825000000002,0,0,0,0,0,0,0,0,True,0,0,0,0,0
226,226,2023-05-18 17:55:00,0.66072,0.66116,0.66063,0.66098,304,16,0,True,0.6612833749388618,0.6611345000000003,0.6641450499999999,False,0,0.6611345000000003,0,0,0,0,0,0,0,0,True,0,0,0,0,0
227,227,2023-05-18 18:00:00,0.66099,0.66131,0.66098,0.66108,335,16,0,False,0.6612640058970655,0.6610955000000003,0.6641202499999999,False,0,0.6610955000000003,0,0,0,0,0,0,0,0,True,0,0,0,0,0
228,228,2023-05-18 18:05:00,0.66107,0.66127,0.66099,0.66107,237,16,0,False,0.661245529144964,0.6610645000000003,0.6640953999999998,False,0,0.6610645000000003,0,0,0,0,0,0,0,0,True,0,0,0,0,0
229,229,2023-05-18 18:10:00,0.66106,0.66106,0.66052,0.66065,218,16,0,False,0.6611888120835389,0.6610335000000003,0.6640690999999999,False,0,0.6610335000000003,0,0,0,0,0,0,0,0,True,0,0,0,0,0
230,230,2023-05-18 18:15:00,0.66066,0.66079,0.6605,0.66056,180,16,0,False,0.6611289252184399,0.6609965000000002,0.6640425999999998,False,0,0.6609965000000002,0,0,0,0,0,0,0,0,True,0,0,0,0,0
231,231,2023-05-18 18:20:00,0.66057,0.66071,0.66043,0.66066,202,16,0,False,0.6610842656738266,0.6609625000000003,0.6640162999999998,False,0,0.6609625000000003,0,0,0,0,0,0,0,0,True,0,0,0,0,0
232,232,2023-05-18 18:25:00,0.66066,0.66129,0.66065,0.66124,218,16,0,False,0.6610990975144145,0.6609655000000003,0.6639926499999999,False,0,0.6609655000000003,0,0,0,0,0,0,0,0,True,0,0,0,0,0
233,233,2023-05-18 18:30:00,0.66123,0.6613,0.6611,0.66123,171,16,0,False,0.6611115644178036,0.6609865000000003,0.6639687499999998,False,0,0.6609865000000003,0,0,0,0,0,0,0,0,True,0,0,0,0,0
234,234,2023-05-18 18:35:00,0.66122,0.66149,0.66113,0.66138,120,16,0,False,0.6611371297113461,0.6610110000000002,0.6639460999999999,False,0,0.6610110000000002,0,0,0,0,0,0,0,0,True,0,0,0,0,0
235,235,2023-05-18 18:40:00,0.66137,0.66146,0.66128,0.66137,145,16,0,False,0.6611593078340751,0.6610390000000003,0.6639240499999999,False,0,0.6610390000000003,0,0,0,0,0,0,0,0,True,0,0,0,0,0
236,236,2023-05-18 18:45:00,0.66138,0.66179,0.66137,0.66177,170,16,0,False,0.6612174689927346,0.6610600000000002,0.6639038499999999,False,0,0.6610600000000002,0,0,0,0,0,0,0,0,True,0,0,0,0,0
237,237,2023-05-18 18:50:00,0.66178,0.66186,0.66161,0.66173,203,16,0,False,0.661266281469617,0.6610845000000003,0.6638839999999999,False,0,0.6610845000000003,0,0,0,0,0,0,0,0,True,0,0,0,0,0
238,238,2023-05-18 18:55:00,0.66174,0.66193,0.66143,0.66165,273,16,0,False,0.6613028260915582,0.6611030000000003,0.6638644499999999,False,0,0.6611030000000003,0,0,0,0,0,0,0,0,True,0,0,0,0,0
239,239,2023-05-18 19:00:00,0.66165,0.66185,0.66157,0.66173,240,16,0,False,0.6613435093209337,0.6611335000000003,0.6638453,False,0,0.6611335000000003,0,0,0,0,0,0,0,0,True,0,0,0,0,0
240,240,2023-05-18 19:05:00,0.66173,0.66178,0.66147,0.66147,158,16,0,False,0.6613555560522734,0.6611465000000003,0.66382395,False,0,0.6611465000000003,0,0,0,0,0,0,0,0,True,0,0,0,0,0
241,241,2023-05-18 19:10:00,0.66148,0.6617,0.66129,0.66133,228,16,0,False,0.6613531221425331,0.6611420000000002,0.6638022499999999,False,0,0.6611420000000002,0,0,0,0,0,0,0,0,True,0,0,0,0,0
242,242,2023-05-18 19:15:00,0.66133,0.66145,0.66122,0.66128,183,16,0,False,0.6613461581289585,0.6611580000000002,0.6637803,False,0,0.6611580000000002,0,0,0,0,0,0,0,0,True,0,0,0,0,0
243,243,2023-05-18 19:20:00,0.66127,0.66138,0.661,0.66121,170,16,0,False,0.6613331906881053,0.6611875000000003,0.66375805,False,0,0.6611875000000003,0,0,0,0,0,0,0,0,True,0,0,0,0,0
244,244,2023-05-18 19:25:00,0.66117,0.66118,0.66075,0.66083,143,16,0,False,0.6612852677654286,0.6611965000000003,0.6637341500000001,False,0,0.6611965000000003,0,0,0,0,0,0,0,0,True,0,0,0,0,0
245,245,2023-05-18 19:30:00,0.66082,0.66101,0.66078,0.66089,139,16,0,False,0.6612476232163402,0.6612055000000003,0.6637113500000001,False,0,0.6612055000000003,0,0,0,0,0,0,0,0,True,0,0,0,0,0
246,246,2023-05-18 19:35:00,0.6609,0.66103,0.66077,0.6608,139,16,0,False,0.6612049924338317,0.6611965000000003,0.6636878500000001,False,0,0.6611965000000003,0,0,-100,0,0,0,0,0,True,0,0,0,0,0
247,247,2023-05-18 19:40:00,0.66081,0.66086,0.66066,0.66083,83,16,0,False,0.6611692788687049,0.6611840000000003,0.6636632,False,100,0.6611840000000003,0,0,0,0,0,0,0,0,True,0,0,0,0,0
248,248,2023-05-18 19:45:00,0.66083,0.66089,0.66072,0.66072,131,16,0,False,0.6611264904050187,0.6611665000000003,0.66363735,False,0,0.6611665000000003,0,0,0,0,0,0,0,0,True,0,0,0,0,0
249,249,2023-05-18 19:50:00,0.66073,0.66096,0.66064,0.66094,91,16,0,False,0.6611087294140645,0.6611810000000002,0.6636123,False,0,0.6611810000000002,0,0,0,0,0,0,0,0,True,0,0,0,0,0
250,250,2023-05-18 19:55:00,0.66094,0.66096,0.66073,0.66081,139,16,0,False,0.6610802789936774,0.6611935000000002,0.6635868,False,0,0.6611935000000002,0,0,0,0,0,0,0,0,True,0,0,0,0,0
251,251,2023-05-18 20:00:00,0.6608,0.66094,0.66075,0.66078,130,16,0,False,0.6610516809942796,0.6611995000000003,0.66355875,False,0,0.6611995000000003,0,0,0,0,0,0,0,0,True,0,0,0,0,0
252,252,2023-05-18 20:05:00,0.66079,0.66092,0.66078,0.66082,112,16,0,False,0.6610296161376815,0.6611785000000003,0.6635303,False,0,0.6611785000000003,0,0,0,0,0,0,0,0,True,0,0,0,0,0
253,253,2023-05-18 20:10:00,0.6608,0.66081,0.66069,0.6607,105,16,0,False,0.660998224124569,0.6611520000000003,0.6635025,False,0,0.6611520000000003,0,0,0,0,0,0,0,0,True,0,0,0,0,0
254,254,2023-05-18 20:15:00,0.66071,0.66102,0.66071,0.66096,135,16,0,False,0.6609945837317529,0.6611310000000004,0.6634758,False,0,0.6611310000000004,0,0,0,0,0,0,0,0,True,0,0,0,0,0
255,255,2023-05-18 20:20:00,0.66096,0.66104,0.66093,0.66103,152,16,0,False,0.6609979567096812,0.6611140000000003,0.66344865,False,0,0.6611140000000003,0,0,0,0,0,0,0,0,True,0,0,0,0,0
256,256,2023-05-18 20:25:00,0.66102,0.66118,0.66095,0.66095,229,16,0,False,0.6609933894039973,0.6610730000000002,0.6634208000000001,False,0,0.6610730000000002,0,0,0,0,0,0,0,0,True,0,0,0,0,0
257,257,2023-05-18 20:30:00,0.66096,0.66117,0.66092,0.66109,190,16,0,False,0.6610025904131405,0.6610410000000002,0.6633966000000001,False,0,0.6610410000000002,0,0,0,0,0,0,0,0,True,0,0,0,0,0
258,258,2023-05-18 20:35:00,0.66108,0.66108,0.66082,0.66087,94,16,0,False,0.6609899627547461,0.6610020000000002,0.6633732000000001,False,0,0.6610020000000002,0,0,0,0,0,0,0,0,True,0,0,0,0,0
259,259,2023-05-18 20:40:00,0.66086,0.66095,0.66082,0.6609,81,16,0,False,0.6609813948733417,0.6609605000000002,0.6633509500000001,False,0,0.6609605000000002,0,0,0,0,0,0,0,0,True,0,0,0,0,0
260,260,2023-05-18 20:45:00,0.66089,0.66098,0.66077,0.66092,75,16,0,False,0.6609755477425473,0.6609330000000002,0.6633273000000002,False,0,0.6609330000000002,0,0,0,0,0,0,0,0,True,0,0,0,0,0
261,261,2023-05-18 20:50:00,0.6609,0.66097,0.66079,0.6608,103,16,0,False,0.6609588289099237,0.6609065000000002,0.6633024000000001,False,0,0.6609065000000002,0,0,0,0,0,0,0,0,True,0,0,0,0,0
262,262,2023-05-18 20:55:00,0.66079,0.66094,0.66062,0.66092,135,16,0,False,0.6609551309185024,0.6608885000000002,0.6632771500000001,False,0,0.6608885000000002,0,0,100,0,0,0,0,0,True,0,0,0,0,0
263,263,2023-05-18 21:00:00,0.66092,0.66106,0.66087,0.66101,94,16,0,False,0.6609603565453117,0.6608785000000001,0.6632508000000001,False,0,0.6608785000000001,0,0,0,0,100,0,0,0,True,0,0,0,0,0
264,264,2023-05-18 21:05:00,0.66101,0.66105,0.66082,0.66083,77,16,0,False,0.6609479416362344,0.6608785000000001,0.6632227000000002,False,0,0.6608785000000001,0,0,0,0,0,0,0,0,True,0,0,0,0,0
265,265,2023-05-18 21:10:00,0.66082,0.66088,0.66075,0.66087,106,16,0,False,0.6609405186232596,0.6608775000000001,0.6632094500000001,False,100,0.6608775000000001,0,0,0,0,0,0,0,0,True,0,0,0,0,0
266,266,2023-05-18 21:15:00,0.6609,0.66102,0.66087,0.66092,94,16,0,False,0.6609385644686635,0.6608835000000001,0.6631965500000001,False,0,0.6608835000000001,0,0,0,0,0,0,0,0,True,0,0,0,0,0
267,267,2023-05-18 21:20:00,0.66092,0.66117,0.66092,0.66114,62,16,0,False,0.6609577488049813,0.660899,0.6631842,False,0,0.660899,0,0,0,0,0,0,0,0,True,0,0,0,0,0
268,268,2023-05-18 21:25:00,0.66116,0.66137,0.66116,0.66128,73,16,0,False,0.6609884393949831,0.660927,0.66316975,False,0,0.660927,0,0,0,0,0,0,0,0,True,0,0,0,0,0
269,269,2023-05-18 21:30:00,0.66128,0.66141,0.66126,0.66133,69,16,0,False,0.6610209689764133,0.6609465,0.6631555,False,0,0.6609465,0,0,0,0,0,0,0,0,True,0,0,0,0,0
270,270,2023-05-18 21:35:00,0.66131,0.66131,0.66114,0.66117,54,16,0,False,0.661035162407231,0.6609645000000001,0.6631395000000001,False,0,0.6609645000000001,0,0,0,0,0,0,0,0,True,0,0,0,0,0
271,271,2023-05-18 21:40:00,0.66119,0.66119,0.661,0.66113,100,16,0,False,0.6610441945589233,0.660982,0.6631234,False,100,0.660982,0,0,0,0,0,0,0,0,True,0,0,0,0,0
272,272,2023-05-18 21:45:00,0.66113,0.66142,0.66109,0.6614,83,16,0,False,0.6610780807914067,0.661011,0.6631087999999999,False,0,0.661011,0,0,0,0,0,0,0,0,True,0,0,0,0,0
273,273,2023-05-18 21:50:00,0.6614,0.66157,0.66129,0.66132,106,16,0,False,0.6611011207160347,0.661042,0.6630933499999999,False,0,0.661042,0,0,0,0,0,0,0,0,True,0,0,0,0,0
274,274,2023-05-18 21:55:00,0.66132,0.66148,0.66128,0.66132,130,16,0,False,0.6611219663621266,0.6610600000000001,0.6630766999999999,False,0,0.6610600000000001,0,0,0,0,0,0,0,0,True,0,0,0,0,0
275,275,2023-05-18 22:00:00,0.66135,0.66153,0.66135,0.66138,164,16,0,False,0.661146540994305,0.6610775,0.6630596999999999,False,0,0.6610775,0,0,0,0,0,0,0,0,True,0,0,0,0,0
276,276,2023-05-18 22:05:00,0.66136,0.6615,0.66134,0.6615,103,16,0,False,0.6611802037567521,0.661105,0.6630432499999998,False,0,0.661105,0,0,0,0,0,0,0,0,True,0,0,0,0,0
277,277,2023-05-18 22:10:00,0.66149,0.66172,0.66149,0.66163,102,16,0,False,0.6612230414942043,0.661132,0.6630270999999998,False,0,0.661132,0,0,0,0,0,0,0,0,True,0,0,0,0,0
278,278,2023-05-18 22:15:00,0.66164,0.66185,0.6616,0.6618,129,16,0,False,0.6612779899233278,0.6611785000000001,0.6630135499999997,False,0,0.6611785000000001,0,0,0,0,0,0,0,0,True,0,0,0,0,0
279,279,2023-05-18 22:20:00,0.66181,0.66182,0.66152,0.66159,154,16,0,False,0.6613077051687252,0.6612130000000002,0.6629987999999998,False,0,0.6612130000000002,0,0,-100,0,0,0,0,0,True,0,0,0,0,0
280,280,2023-05-18 22:25:00,0.66158,0.66175,0.66154,0.66175,119,16,0,False,0.6613498284859894,0.6612545000000002,0.6629829999999999,False,0,0.6612545000000002,0,0,0,0,0,0,0,0,True,0,0,0,0,0
281,281,2023-05-18 22:30:00,0.66177,0.66192,0.66169,0.66191,173,16,0,False,0.6614031781539904,0.6613100000000002,0.6629664499999999,False,0,0.6613100000000002,0,0,0,0,0,0,0,0,True,0,0,0,0,0
282,282,2023-05-18 22:35:00,0.66192,0.66197,0.66183,0.66191,151,16,0,False,0.6614514469012294,0.6613595000000003,0.6629499499999999,False,0,0.6613595000000003,0,0,0,0,0,0,0,0,True,0,0,0,0,0
283,283,2023-05-18 22:40:00,0.6619,0.66216,0.66187,0.66215,124,16,0,False,0.6615179757677789,0.6614165000000003,0.6629330499999999,False,0,0.6614165000000003,0,0,100,0,0,0,0,0,True,0,0,0,0,0
284,284,2023-05-18 22:45:00,0.66215,0.66232,0.6621,0.66213,143,16,0,False,0.6615762637898952,0.6614815000000003,0.6629159499999999,False,0,0.6614815000000003,0,0,0,0,0,0,0,0,True,0,0,0,0,0
285,285,2023-05-18 22:50:00,0.66219,0.66234,0.66207,0.66211,159,16,0,False,0.6616270958099052,0.6615435000000003,0.6628999999999999,False,0,0.6615435000000003,0,0,0,0,0,0,0,0,True,0,0,0,0,0
286,286,2023-05-18 22:55:00,0.66212,0.66241,0.66209,0.6624,201,16,0,False,0.6617007057327714,0.6616175000000003,0.6628856499999999,False,0,0.6616175000000003,0,0,0,0,0,0,0,0,True,0,0,0,0,0
287,287,2023-05-18 23:00:00,0.66239,0.66245,0.66216,0.66221,116,16,0,False,0.6617492099486979,0.6616710000000003,0.6628704999999998,False,0,0.6616710000000003,0,0,0,0,0,0,0,0,True,0,0,0,0,0
288,288,2023-05-18 23:05:00,0.6622,0.66222,0.66207,0.66213,59,17,0,False,0.6617854756678695,0.6617135000000003,0.6628562999999997,False,0,0.6617135000000003,0,0,0,0,0,0,0,0,True,0,0,0,0,0
289,289,2023-05-18 23:10:00,0.66213,0.66236,0.66213,0.66234,45,17,0,False,0.6618382875090247,0.6617640000000004,0.6628429499999997,False,0,0.6617640000000004,0,0,0,0,0,0,0,0,True,0,0,0,0,0
290,290,2023-05-18 23:15:00,0.66234,0.66241,0.6623,0.66236,77,18,0,False,0.6618879744129271,0.6618235000000003,0.6628306999999998,False,0,0.6618235000000003,0,0,0,0,0,0,0,0,True,0,0,0,0,0
291,291,2023-05-18 23:20:00,0.66236,0.66238,0.6623,0.66232,80,16,0,False,0.661929119706934,0.6618830000000002,0.6628169499999997,False,0,0.6618830000000002,0,0,0,0,0,0,0,0,True,0,0,0,0,0
292,292,2023-05-18 23:25:00,0.66232,0.66235,0.66226,0.66227,30,17,0,False,0.6619615844967498,0.6619265000000002,0.6628024499999998,False,0,0.6619265000000002,0,0,0,0,0,0,0,0,True,0,0,0,0,0
293,293,2023-05-18 23:30:00,0.66227,0.66232,0.66226,0.66232,22,17,0,False,0.6619957193065832,0.6619765000000002,0.6627884999999998,False,0,0.6619765000000002,0,0,0,0,0,0,0,0,True,0,0,0,0,0
294,294,2023-05-18 23:35:00,0.66232,0.66232,0.66223,0.66231,44,17,0,False,0.6620256508011944,0.6620260000000002,0.6627753999999997,False,0,0.6620260000000002,0,0,0,0,0,0,0,0,True,0,0,0,0,0
295,295,2023-05-18 23:40:00,0.66231,0.66232,0.66225,0.66226,20,18,0,False,0.6620479697725091,0.6620700000000002,0.6627644499999998,False,0,0.6620700000000002,0,0,0,0,0,0,0,0,True,0,0,0,0,0
296,296,2023-05-18 23:45:00,0.66226,0.66226,0.66218,0.6622,76,18,0,False,0.662062448841794,0.6621050000000002,0.6627525499999999,False,0,0.6621050000000002,0,0,0,0,0,0,0,0,True,0,0,0,0,0
297,297,2023-05-18 23:50:00,0.6622,0.66225,0.6622,0.66223,34,18,0,False,0.6620784060949565,0.6621350000000001,0.6627407499999998,False,0,0.6621350000000001,0,0,0,0,0,0,0,0,True,0,0,0,0,0
298,298,2023-05-18 23:55:00,0.66223,0.66223,0.66204,0.66205,83,19,0,False,0.6620757007525797,0.6621475000000002,0.6627263999999998,False,0,0.6621475000000002,0,0,0,0,0,0,0,0,True,0,0,0,0,0
299,299,2023-05-19 00:00:00,0.66147,0.6619,0.66134,0.66173,11,65,0,False,0.6620427768713817,0.6621545000000002,0.6627110499999997,False,0,0.6621545000000002,0,0,0,0,0,0,0,0,True,0,0,0,0,0
