,Time,Open,High,Low,Close,tick_volume,spread,real_volume
0,1694106720,1.06967,1.06967,1.06921,1.06929,198,16,0
1,1694106900,1.06927,1.06961,1.06923,1.06953,178,16,0
2,1694107080,1.06953,1.06967,1.06947,1.06962,222,16,0
3,1694107260,1.06961,1.06977,1.06951,1.06964,207,16,0
4,1694107440,1.06965,1.06993,1.06954,1.06975,247,16,0
5,1694107620,1.06975,1.06981,1.06945,1.06948,186,16,0
6,1694107800,1.06948,1.06955,1.06928,1.06952,234,16,0
7,1694107980,1.06951,1.06969,1.06945,1.06965,214,16,0
8,1694108160,1.06968,1.07003,1.06955,1.07001,238,16,0
9,1694108340,1.07001,1.07071,1.07001,1.07066,239,16,0
10,1694108520,1.07066,1.07078,1.07046,1.07071,280,16,0
11,1694108700,1.0707200000000001,1.07092,1.07038,1.07038,293,16,0
12,1694108880,1.07034,1.07088,1.07028,1.07055,285,16,0
13,1694109060,1.07056,1.07061,1.07029,1.07043,183,16,0
14,1694109240,1.07044,1.07053,1.07007,1.07029,207,16,0
15,1694109420,1.0703,1.07055,1.07022,1.07022,174,16,0
16,1694109600,1.07023,1.07049,1.07018,1.07034,212,16,0
17,1694109780,1.07034,1.0704,1.06959,1.06972,169,16,0
18,1694109960,1.06971,1.06978,1.06951,1.06972,226,16,0
19,1694110140,1.06971,1.06998,1.06957,1.06958,241,16,0
20,1694110320,1.0695999999999999,1.0695999999999999,1.0694,1.06956,169,16,0
21,1694110500,1.06955,1.06964,1.06938,1.06961,169,16,0
22,1694110680,1.06962,1.07012,1.06954,1.07004,194,16,0
23,1694110860,1.07003,1.07013,1.06989,1.06994,185,16,0
24,1694111040,1.06995,1.0701,1.06995,1.07004,204,16,0
25,1694111220,1.07003,1.07016,1.06991,1.06993,132,16,0
26,1694111400,1.06994,1.07001,1.06976,1.06998,151,16,0
27,1694111580,1.06998,1.07048,1.06998,1.07044,134,16,0
28,1694111760,1.07043,1.07069,1.07042,1.07065,82,16,0
29,1694111940,1.07065,1.0708,1.07044,1.07044,97,16,0
30,1694112120,1.07046,1.07061,1.07039,1.07054,76,16,0
31,1694112300,1.07055,1.07075,1.07044,1.07074,73,16,0
32,1694112480,1.07074,1.07076,1.0705,1.07052,92,16,0
33,1694112660,1.07053,1.07059,1.07012,1.07017,92,16,0
34,1694112840,1.0702,1.07022,1.07006,1.07007,74,16,0
35,1694113020,1.07009,1.07035,1.07008,1.07024,83,16,0
36,1694113200,1.07026,1.07049,1.07023,1.07044,118,16,0
37,1694113380,1.07041,1.07043,1.07024,1.07034,114,16,0
38,1694113560,1.07035,1.07055,1.07031,1.07044,139,16,0
39,1694113740,1.07044,1.07064,1.07037,1.07063,73,16,0
40,1694113920,1.07063,1.07088,1.07059,1.07084,112,16,0
41,1694114100,1.0708,1.07085,1.07065,1.07069,93,16,0
42,1694114280,1.0707,1.07076,1.0705,1.0705,102,16,0
43,1694114460,1.07049,1.07053,1.07034,1.07046,135,16,0
44,1694114640,1.07047,1.0707,1.07047,1.07065,59,16,0
45,1694114820,1.07066,1.07076,1.07058,1.07075,38,16,0
46,1694115000,1.07074,1.07079,1.07055,1.07056,60,16,0
47,1694115180,1.07055,1.07063,1.07039,1.07039,90,16,0
48,1694115360,1.07041,1.07062,1.07041,1.07048,75,17,0
49,1694115540,1.07049,1.07064,1.07042,1.07061,60,17,0
50,1694115720,1.07062,1.07064,1.07044,1.07054,60,16,0
51,1694115900,1.07053,1.07061,1.07053,1.07055,31,17,0
52,1694116080,1.07054,1.07066,1.07054,1.07055,36,16,0
53,1694116260,1.07055,1.07074,1.07055,1.07066,45,17,0
54,1694116440,1.07066,1.07067,1.07049,1.07054,62,16,0
55,1694116620,1.07055,1.07056,1.07031,1.07032,43,16,0
56,1694116800,1.07031,1.07034,1.0702099999999999,1.0703,92,16,0
57,1694116980,1.07031,1.07084,1.0703,1.07083,82,16,0
58,1694117160,1.07081,1.07085,1.07055,1.0706,92,16,0
59,1694117340,1.07058,1.07064,1.07054,1.07055,61,17,0
60,1694117520,1.07055,1.0706,1.07041,1.07054,80,16,0
61,1694117700,1.07056,1.07068,1.07044,1.07065,106,16,0
62,1694117880,1.07064,1.07068,1.07053,1.07059,109,16,0
63,1694118060,1.07058,1.07074,1.07055,1.07069,90,16,0
64,1694118240,1.07068,1.07075,1.07067,1.07067,111,16,0
65,1694118420,1.07064,1.07065,1.07053,1.07059,52,16,0
66,1694118600,1.07063,1.07085,1.07059,1.07075,90,16,0
67,1694118780,1.07076,1.07078,1.07044,1.07057,80,16,0
68,1694118960,1.07058,1.0706,1.0704,1.07044,39,17,0
69,1694119140,1.07048,1.07048,1.07033,1.07037,64,16,0
70,1694119320,1.07041,1.07041,1.07029,1.07029,60,16,0
71,1694119500,1.07029,1.07034,1.0702,1.0703,64,17,0
72,1694119680,1.0703,1.0703,1.07009,1.07009,73,16,0
73,1694119860,1.07007,1.0701,1.0699,1.06994,76,16,0
74,1694120040,1.06994,1.06996,1.06985,1.0699,74,17,0
75,1694120220,1.06994,1.06995,1.06978,1.06984,76,16,0
76,1694120400,1.06981,1.0699,1.06969,1.06979,84,16,0
77,1694120580,1.06978,1.0699,1.06973,1.0698,51,16,0
78,1694120760,1.06981,1.06992,1.0697,1.06992,74,16,0
79,1694120940,1.06991,1.07008,1.06991,1.07006,67,16,0
80,1694121120,1.07005,1.07023,1.07002,1.07023,44,16,0
81,1694121300,1.07022,1.07022,1.0701,1.0701100000000001,42,17,0
82,1694121480,1.0701,1.07017,1.07006,1.07006,40,16,0
83,1694121660,1.07006,1.0703,1.07006,1.07027,53,16,0
84,1694121840,1.07027,1.0703,1.07016,1.07016,29,16,0
85,1694122020,1.07016,1.07025,1.06989,1.07006,84,16,0
86,1694122200,1.07003,1.07006,1.0698,1.0698,48,16,0
87,1694122380,1.06979,1.0698,1.06965,1.06978,112,16,0
88,1694122560,1.06979,1.0698,1.06964,1.06974,53,16,0
89,1694122740,1.06974,1.06974,1.06965,1.06973,27,16,0
