,Unnamed: 0,Time,Open,High,Low,Close,tick_volume,spread,real_volume,session,ema_20,sma_20,sma_200,BullishCross,hammer,ma_20,piercingpattern,threesoliders,engulfing,three_inside,three_outside,three_line_strike,sticksandwish,darkcloudcover,BearishCross,eveningstar,eveningdojistar,gravestonedoji,invertedhammer,hangingman
0,0,2022-12-23 09:33:00,159.702,159.705,159.652,159.698,370,35,0,False,,,,False,0,,0,0,0,0,0,0,0,0,False,0,0,0,0,0
1,1,2022-12-23 09:36:00,159.698,159.711,159.625,159.675,402,30,0,False,,,,False,0,,0,0,0,0,0,0,0,0,False,0,0,0,0,0
2,2,2022-12-23 09:39:00,159.672,159.773,159.649,159.754,362,36,0,False,,,,False,0,,0,0,100,0,0,0,0,0,False,0,0,0,0,0
3,3,2022-12-23 09:42:00,159.744,159.806,159.736,159.749,372,33,0,False,,,,False,0,,0,0,0,0,0,0,0,0,False,0,0,0,0,0
4,4,2022-12-23 09:45:00,159.751,159.831,159.735,159.825,331,36,0,False,,,,False,0,,0,0,0,0,0,0,0,0,False,0,0,0,0,0
5,5,2022-12-23 09:48:00,159.826,159.87,159.82,159.826,373,38,0,False,,,,False,0,,0,0,0,0,0,0,0,0,False,0,0,0,0,0
6,6,2022-12-23 09:51:00,159.826,159.862,159.811,159.826,386,35,0,False,,,,False,0,,0,0,0,0,0,0,0,0,False,0,0,0,0,0
7,7,2022-12-23 09:54:00,159.825,159.837,159.766,159.811,362,30,0,False,,,,False,0,,0,0,0,0,0,0,0,0,False,0,0,0,0,0
8,8,2022-12-23 09:57:00,159.814,159.84,159.782,159.819,397,30,0,False,,,,False,0,,0,0,0,0,0,0,0,0,False,0,0,0,0,0
9,9,2022-12-23 10:00:00,159.813,159.929,159.794,159.908,611,31,0,True,,,,False,0,,0,0,0,0,0,0,0,0,False,0,0,0,0,0
10,10,2022-12-23 10:03:00,159.9,159.937,159.874,159.919,519,33,0,True,,,,False,0,,0,0,0,0,0,0,0,0,False,0,0,0,0,0
11,11,2022-12-23 10:06:00,159.918,159.922,159.838,159.848,571,32,0,True,,,,False,0,,0,0,0,0,0,0,0,0,False,0,0,0,0,0
12,12,2022-12-23 10:09:00,159.847,159.94,159.841,159.917,560,30,0,True,,,,False,0,,0,0,0,0,0,0,0,0,False,0,0,0,0,0
13,13,2022-12-23 10:12:00,159.917,159.983,159.912,159.966,517,31,0,True,,,,False,0,,0,0,0,0,0,0,0,0,False,0,0,0,0,0
14,14,2022-12-23 10:15:00,159.968,159.979,159.913,159.945,511,33,0,True,,,,False,0,,0,0,0,0,0,0,0,0,False,0,0,0,0,0
15,15,2022-12-23 10:18:00,159.946,160.0,159.934,159.966,492,35,0,True,,,,False,0,,0,0,0,0,0,0,0,0,False,0,0,0,0,0
16,16,2022-12-23 10:21:00,159.969,160.039,159.93,160.03,489,33,0,True,,,,False,0,,0,0,0,0,0,0,0,0,False,0,0,0,0,0
17,17,2022-12-23 10:24:00,160.034,160.047,159.989,160.002,463,30,0,True,,,,False,0,,0,0,0,0,0,0,0,0,False,0,0,0,0,0
18,18,2022-12-23 10:27:00,160.001,160.009,159.869,159.876,441,38,0,True,,,,False,0,,0,0,0,0,0,0,0,0,False,0,0,0,0,0
19,19,2022-12-23 10:30:00,159.877,159.885,159.815,159.815,406,36,0,True,159.85875000000001,159.85875000000001,,False,0,159.85875000000001,0,0,0,0,0,0,0,0,False,0,0,0,0,0
20,20,2022-12-23 10:33:00,159.813,159.871,159.797,159.858,386,32,0,True,159.85867857142858,159.86675000000002,,False,0,159.86675000000002,0,0,0,0,0,0,0,0,False,0,0,0,0,0
21,21,2022-12-23 10:36:00,159.855,159.869,159.791,159.794,326,33,0,True,159.852518707483,159.8727,,False,0,159.8727,0,0,0,0,0,0,0,0,False,0,0,0,0,0
22,22,2022-12-23 10:39:00,159.792,159.838,159.787,159.828,345,34,0,True,159.85018359248463,159.87640000000002,,False,0,159.87640000000002,0,0,0,0,0,0,0,0,False,0,0,0,0,0
23,23,2022-12-23 10:42:00,159.83,159.887,159.797,159.8,368,34,0,True,159.84540420272418,159.87895000000003,,False,0,159.87895000000003,0,0,0,0,0,0,0,0,False,0,0,0,0,0
24,24,2022-12-23 10:45:00,159.8,159.843,159.754,159.842,304,35,0,True,159.84507999294092,159.87980000000005,,False,100,159.87980000000005,0,0,0,0,0,0,0,0,False,0,0,0,0,0
25,25,2022-12-23 10:48:00,159.841,159.841,159.732,159.808,346,31,0,True,159.8415485650418,159.87890000000004,,False,0,159.87890000000004,0,0,0,0,0,0,0,0,False,0,0,0,0,0
26,26,2022-12-23 10:51:00,159.809,159.84,159.788,159.807,343,30,0,True,159.838258225514,159.87795000000003,,False,0,159.87795000000003,0,0,0,0,0,0,0,0,False,0,0,0,0,0
27,27,2022-12-23 10:54:00,159.807,159.862,159.793,159.81,375,31,0,True,159.83556696594124,159.8779,,False,0,159.8779,0,0,0,0,0,0,0,0,False,0,0,0,0,0
28,28,2022-12-23 10:57:00,159.81,159.828,159.704,159.779,420,34,0,True,159.8301796358516,159.87590000000003,,False,0,159.87590000000003,0,0,0,0,0,0,0,0,False,0,0,0,0,0
29,29,2022-12-23 11:00:00,159.778,159.787,159.717,159.729,517,37,0,True,159.82054348005622,159.86695000000003,,False,0,159.86695000000003,0,0,0,0,0,0,0,0,False,0,0,0,0,0
30,30,2022-12-23 11:03:00,159.729,159.767,159.72,159.757,438,37,0,True,159.81449172005085,159.85885000000002,,False,0,159.85885000000002,0,0,0,0,0,0,0,0,False,0,0,0,0,0
31,31,2022-12-23 11:06:00,159.757,159.853,159.754,159.853,485,36,0,True,159.8181591752841,159.85910000000004,,False,0,159.85910000000004,0,0,0,0,0,0,0,0,False,0,0,0,0,0
32,32,2022-12-23 11:09:00,159.854,159.903,159.818,159.819,434,35,0,True,159.81823925382847,159.85420000000005,,False,0,159.85420000000005,0,0,0,0,0,0,0,-100,False,0,0,0,0,0
33,33,2022-12-23 11:12:00,159.817,159.841,159.765,159.765,347,34,0,True,159.81316884870193,159.84415000000004,,False,0,159.84415000000004,0,0,0,0,0,0,0,0,False,0,0,0,0,0
34,34,2022-12-23 11:15:00,159.765,159.765,159.669,159.754,320,31,0,True,159.80753372025413,159.83460000000002,,False,100,159.83460000000002,0,0,0,0,0,0,0,0,False,0,0,0,0,0
35,35,2022-12-23 11:18:00,159.754,159.774,159.712,159.744,386,32,0,True,159.80148288975374,159.82350000000002,,False,0,159.82350000000002,0,0,0,0,0,0,0,0,False,0,0,0,0,0
36,36,2022-12-23 11:21:00,159.744,159.803,159.735,159.796,383,30,0,True,159.8009607097772,159.8118,,False,0,159.8118,0,0,0,0,0,0,0,0,False,0,0,0,0,0
37,37,2022-12-23 11:24:00,159.796,159.818,159.775,159.803,326,31,0,True,159.80115492789366,159.80185,,False,0,159.80185,0,0,0,0,0,0,0,0,False,0,0,0,0,0
38,38,2022-12-23 11:27:00,159.801,159.819,159.733,159.797,374,33,0,True,159.80075922047521,159.7979,,False,0,159.7979,0,0,0,0,0,0,0,0,False,0,0,0,0,0
39,39,2022-12-23 11:30:00,159.796,159.872,159.749,159.851,343,31,0,True,159.80554405662042,159.7997,,False,0,159.7997,0,0,100,0,0,0,0,0,False,0,0,0,0,0
40,40,2022-12-23 11:33:00,159.852,159.905,159.843,159.857,335,30,0,True,159.81044462265658,159.79964999999999,,False,0,159.79964999999999,0,0,0,0,100,0,0,0,False,0,0,0,0,0
41,41,2022-12-23 11:36:00,159.859,159.912,159.847,159.906,278,34,0,True,159.81954513478453,159.80525,,False,0,159.80525,0,0,0,0,0,0,0,0,False,0,0,0,0,0
42,42,2022-12-23 11:39:00,159.905,159.93,159.887,159.919,240,38,0,True,159.8290170267098,159.8098,,False,0,159.8098,0,0,0,0,0,0,0,0,False,0,0,0,0,0
43,43,2022-12-23 11:42:00,159.92,159.989,159.896,159.982,347,37,0,True,159.8435868336898,159.81889999999999,,False,0,159.81889999999999,0,0,0,0,0,0,0,0,False,0,0,0,0,0
44,44,2022-12-23 11:45:00,159.983,160.052,159.969,160.016,385,30,0,True,159.86000713524317,159.8276,,False,0,159.8276,0,0,0,0,0,0,0,0,False,0,0,0,0,0
45,45,2022-12-23 11:48:00,160.016,160.062,160.004,160.057,380,30,0,True,159.8787683604581,159.84004999999996,,False,0,159.84004999999996,0,0,0,0,0,0,0,0,False,0,0,0,0,0
46,46,2022-12-23 11:51:00,160.057,160.088,160.02,160.021,467,32,0,True,159.89231423089066,159.85075,,False,0,159.85075,0,0,0,0,0,0,0,0,False,0,0,0,0,0
47,47,2022-12-23 11:54:00,160.02,160.031,159.913,159.913,375,33,0,True,159.89428430413918,159.8559,,False,0,159.8559,0,0,0,0,0,0,0,0,False,0,0,0,0,0
48,48,2022-12-23 11:57:00,159.914,159.945,159.892,159.933,386,30,0,True,159.89797151326877,159.8636,,False,0,159.8636,0,0,0,0,0,0,0,0,False,0,0,0,0,0
49,49,2022-12-23 12:00:00,159.932,159.94,159.893,159.912,403,30,0,True,159.89930755962413,159.87275,,False,0,159.87275,0,0,0,0,0,0,0,0,False,0,0,0,0,0
50,50,2022-12-23 12:03:00,159.911,159.918,159.797,159.797,409,30,0,True,159.88956398251707,159.87475,,False,0,159.87475,0,0,0,0,0,0,0,0,False,0,0,0,0,0
51,51,2022-12-23 12:06:00,159.799,159.935,159.799,159.934,297,30,0,True,159.8937959841821,159.8788,,False,0,159.8788,0,0,0,0,0,0,0,0,False,0,0,0,0,0
52,52,2022-12-23 12:09:00,159.934,159.944,159.844,159.844,412,30,0,True,159.8890535094981,159.88005,,False,0,159.88005,0,0,0,0,0,0,0,0,False,0,0,0,0,0
53,53,2022-12-23 12:12:00,159.845,159.898,159.826,159.886,439,35,0,True,159.8887626990697,159.8861,,False,0,159.8861,0,0,0,0,0,0,0,0,False,0,0,0,0,0
54,54,2022-12-23 12:15:00,159.887,159.958,159.887,159.932,414,30,0,True,159.89288053725355,159.895,,False,0,159.895,0,0,0,0,0,0,0,0,False,0,0,0,0,0
55,55,2022-12-23 12:18:00,159.932,159.95,159.908,159.909,316,32,0,True,159.89441572418178,159.90325,,False,0,159.90325,0,0,0,0,0,0,0,0,False,0,0,0,0,0
56,56,2022-12-23 12:21:00,159.909,159.939,159.87,159.937,343,30,0,True,159.8984713694978,159.9103,,False,100,159.9103,0,0,0,0,0,0,0,0,False,0,0,0,0,0
57,57,2022-12-23 12:24:00,159.938,159.961,159.926,159.957,284,35,0,True,159.90404552478373,159.918,,False,0,159.918,0,0,0,0,0,0,0,0,False,0,0,0,0,0
58,58,2022-12-23 12:27:00,159.959,159.965,159.911,159.922,294,32,0,True,159.90575547480432,159.92425,,False,0,159.92425,0,0,-100,0,0,0,0,0,False,0,0,0,0,0
59,59,2022-12-23 12:30:00,159.922,159.989,159.922,159.981,259,36,0,True,159.91292162006104,159.93075,,False,0,159.93075,0,0,0,0,0,0,0,0,False,0,0,0,0,0
60,60,2022-12-23 12:33:00,159.982,160.069,159.982,160.017,384,34,0,True,159.9228338467219,159.93874999999997,,False,0,159.93874999999997,0,0,0,0,0,0,0,0,False,0,0,0,0,0
61,61,2022-12-23 12:36:00,160.014,160.039,159.959,159.964,348,34,0,True,159.92675443274837,159.94164999999998,,False,0,159.94164999999998,0,0,0,0,0,0,0,0,False,0,0,0,0,0
62,62,2022-12-23 12:39:00,159.963,159.987,159.94,159.959,354,30,0,True,159.9298254391533,159.94365,,False,0,159.94365,0,0,0,0,0,0,0,0,False,0,0,0,0,0
63,63,2022-12-23 12:42:00,159.958,160.013,159.956,159.987,248,30,0,True,159.93527063542442,159.94389999999999,,False,0,159.94389999999999,0,0,100,0,0,0,0,0,False,0,0,0,0,0
64,64,2022-12-23 12:45:00,159.987,160.002,159.968,159.976,267,33,0,True,159.93914962252686,159.94189999999998,,False,0,159.94189999999998,0,0,0,0,0,0,0,0,False,0,0,0,0,0
65,65,2022-12-23 12:48:00,159.973,160.027,159.947,160.022,330,32,0,True,159.94704013466716,159.94015,,False,0,159.94015,0,0,100,0,0,0,0,0,False,0,0,0,0,0
66,66,2022-12-23 12:51:00,160.022,160.079,160.022,160.045,296,30,0,True,159.95636964565125,159.94135,,False,0,159.94135,0,0,0,0,100,0,0,0,False,0,0,0,0,0
67,67,2022-12-23 12:54:00,160.046,160.079,160.033,160.052,355,30,0,True,159.96547729844636,159.9483,,False,0,159.9483,0,0,0,0,0,0,0,0,False,0,0,0,0,0
68,68,2022-12-23 12:57:00,160.052,160.116,160.009,160.09,402,36,0,True,159.97733660335624,159.95615,,False,0,159.95615,0,0,0,0,0,0,0,0,False,0,0,0,0,0
69,69,2022-12-23 13:00:00,160.089,160.127,160.076,160.123,372,33,0,True,159.9912093077985,159.9667,,False,0,159.9667,0,0,0,0,0,0,0,0,False,0,0,0,0,0
70,70,2022-12-23 13:03:00,160.122,160.155,160.098,160.154,352,34,0,True,160.00671318324626,159.98455,,False,0,159.98455,0,0,0,0,0,0,0,0,False,0,0,0,0,0
71,71,2022-12-23 13:06:00,160.154,160.184,160.117,160.124,350,30,0,True,160.01788335627043,159.99405,,False,0,159.99405,0,0,0,0,0,0,0,0,False,0,0,0,0,0
72,72,2022-12-23 13:09:00,160.124,160.203,160.116,160.196,320,30,0,True,160.03484684614943,160.01164999999997,,False,0,160.01164999999997,0,0,0,0,0,0,0,0,False,0,0,0,0,0
73,73,2022-12-23 13:12:00,160.197,160.252,160.185,160.232,278,36,0,True,160.05362333699236,160.02894999999998,,False,0,160.02894999999998,0,0,0,0,0,0,0,0,False,0,0,0,0,0
74,74,2022-12-23 13:15:00,160.233,160.274,160.218,160.255,348,31,0,True,160.0728020668026,160.0451,,False,0,160.0451,0,0,0,0,0,0,0,0,False,0,0,0,0,0
75,75,2022-12-23 13:18:00,160.256,160.335,160.255,160.284,368,31,0,True,160.09291615567855,160.06385,,False,0,160.06385,0,0,0,0,0,0,0,0,False,0,0,0,0,0
76,76,2022-12-23 13:21:00,160.284,160.316,160.256,160.259,370,36,0,True,160.10873366466154,160.07995,,False,0,160.07995,0,0,0,0,0,0,0,0,False,0,0,0,0,0
77,77,2022-12-23 13:24:00,160.257,160.271,160.156,160.166,342,34,0,True,160.11418760136044,160.09040000000002,,False,0,160.09040000000002,0,0,0,0,0,0,0,0,False,0,0,0,0,0
78,78,2022-12-23 13:27:00,160.169,160.225,160.151,160.205,273,32,0,True,160.12283640123087,160.10455000000002,,False,0,160.10455000000002,0,0,0,0,0,0,0,0,False,0,0,0,0,0
79,79,2022-12-23 13:30:00,160.202,160.219,160.134,160.14,324,30,0,True,160.12447102968508,160.1125,,False,0,160.1125,0,0,0,0,0,0,0,0,False,0,0,0,0,0
80,80,2022-12-23 13:33:00,160.144,160.184,160.129,160.147,302,35,0,True,160.12661664590556,160.11900000000003,,False,0,160.11900000000003,0,0,0,0,0,0,0,0,False,0,0,0,0,0
81,81,2022-12-23 13:36:00,160.147,160.153,160.107,160.121,277,38,0,True,160.12608172724788,160.12685000000005,,False,0,160.12685000000005,0,0,0,0,0,0,0,0,False,0,0,0,0,0
82,82,2022-12-23 13:39:00,160.119,160.128,160.019,160.065,284,34,0,True,160.12026441989093,160.13215000000005,,False,0,160.13215000000005,0,0,0,0,0,0,0,0,False,0,0,0,0,0
83,83,2022-12-23 13:42:00,160.064,160.108,160.061,160.064,298,36,0,True,160.11490590371085,160.13600000000002,,False,0,160.13600000000002,0,0,0,0,0,0,0,0,False,0,0,100,100,100
84,84,2022-12-23 13:45:00,160.065,160.118,160.054,160.091,318,38,0,True,160.1126291509765,160.14175000000003,,False,0,160.14175000000003,0,0,0,0,0,0,0,0,False,0,0,0,0,0
85,85,2022-12-23 13:48:00,160.093,160.14,160.058,160.127,352,30,0,True,160.11399780326445,160.14700000000002,,False,0,160.14700000000002,0,0,0,0,0,0,0,0,False,0,0,0,0,0
86,86,2022-12-23 13:51:00,160.126,160.14,160.072,160.085,301,30,0,True,160.11123610771546,160.14900000000003,,False,0,160.14900000000003,0,0,0,0,0,0,0,0,False,0,0,0,0,0
87,87,2022-12-23 13:54:00,160.084,160.13,160.072,160.085,450,30,0,True,160.10873743079017,160.15065,,False,0,160.15065,0,0,0,0,0,0,0,0,False,0,0,0,0,0
88,88,2022-12-23 13:57:00,160.089,160.122,160.072,160.119,409,30,0,True,160.10971481833397,160.15210000000002,,False,0,160.15210000000002,0,0,0,0,0,0,0,0,False,0,0,0,0,0
89,89,2022-12-23 14:00:00,160.118,160.12,160.061,160.066,364,32,0,True,160.10555150230218,160.14925,,False,0,160.14925,0,0,0,0,0,0,0,0,False,0,0,0,0,0
90,90,2022-12-23 14:03:00,160.063,160.077,160.044,160.057,284,30,0,True,160.10092754970196,160.1444,,False,0,160.1444,0,0,0,0,0,0,0,0,False,0,0,0,0,0
91,91,2022-12-23 14:06:00,160.058,160.127,160.041,160.089,347,30,0,True,160.09979159258748,160.14265,,False,0,160.14265,0,0,0,0,0,0,0,0,False,0,0,0,0,0
92,92,2022-12-23 14:09:00,160.089,160.14,160.083,160.127,359,34,0,True,160.1023828694839,160.13920000000002,,False,0,160.13920000000002,0,0,0,0,0,0,0,0,False,0,0,0,0,0
93,93,2022-12-23 14:12:00,160.127,160.19,160.126,160.184,295,34,0,True,160.11015592953305,160.13680000000002,,False,0,160.13680000000002,0,0,0,0,0,0,0,0,False,0,0,0,0,0
94,94,2022-12-23 14:15:00,160.186,160.234,160.174,160.177,270,30,0,True,160.11652203148228,160.1329,,False,0,160.1329,0,0,0,0,0,0,0,0,False,0,0,0,0,0
95,95,2022-12-23 14:18:00,160.179,160.189,160.153,160.164,286,32,0,True,160.12104374276967,160.12690000000003,,False,0,160.12690000000003,0,0,0,0,0,0,0,0,False,0,0,0,0,0
96,96,2022-12-23 14:21:00,160.166,160.173,160.144,160.148,314,35,0,True,160.12361100536305,160.12135000000004,,False,0,160.12135000000004,0,0,0,0,0,0,0,0,False,0,0,0,0,0
97,97,2022-12-23 14:24:00,160.149,160.161,160.096,160.123,358,34,0,True,160.1235528143761,160.11920000000003,,False,0,160.11920000000003,0,0,0,0,0,0,0,0,False,0,0,0,0,0
98,98,2022-12-23 14:27:00,160.121,160.124,160.081,160.116,308,34,0,True,160.12283349872123,160.11475000000002,,False,0,160.11475000000002,0,0,0,0,0,0,0,0,False,0,0,0,0,0
99,99,2022-12-23 14:30:00,160.112,160.14,160.07,160.092,364,36,0,True,160.1198969750335,160.11235000000005,,False,0,160.11235000000005,0,0,0,0,0,0,0,0,False,0,0,0,0,0
100,100,2022-12-23 14:33:00,160.091,160.14,160.079,160.124,308,31,0,True,160.120287739316,160.11120000000003,,False,0,160.11120000000003,0,0,100,0,0,0,0,0,False,0,0,0,0,0
101,101,2022-12-23 14:36:00,160.124,160.154,160.112,160.119,270,32,0,True,160.1201650974764,160.11110000000002,,False,0,160.11110000000002,0,0,0,0,0,0,0,0,False,0,0,0,0,0
102,102,2022-12-23 14:39:00,160.118,160.124,160.024,160.032,347,33,0,True,160.11176842152625,160.10945000000004,,False,0,160.10945000000004,0,0,0,0,0,0,0,0,False,0,0,0,0,0
103,103,2022-12-23 14:42:00,160.033,160.036,159.988,159.989,386,32,0,True,160.1000761909047,160.10570000000004,,False,0,160.10570000000004,0,0,0,0,0,0,0,0,False,0,0,0,0,0
104,104,2022-12-23 14:45:00,159.988,159.999,159.979,159.987,225,30,0,True,160.08930702986615,160.10050000000007,,False,0,160.10050000000007,0,0,0,0,0,0,0,0,False,0,0,0,0,0
105,105,2022-12-23 14:48:00,159.989,160.028,159.975,159.99,236,30,0,True,160.07984921749795,160.09365000000008,,False,0,160.09365000000008,0,0,0,0,0,0,0,0,False,0,0,0,0,0
106,106,2022-12-23 14:51:00,159.99,160.031,159.984,160.019,264,30,0,True,160.07405405392672,160.0903500000001,,False,0,160.0903500000001,0,0,0,0,0,0,0,0,False,0,0,0,0,0
107,107,2022-12-23 14:54:00,160.019,160.082,160.006,160.058,297,31,0,True,160.0725250964099,160.08900000000008,,False,0,160.08900000000008,0,0,0,0,0,0,0,0,False,0,0,0,0,0
108,108,2022-12-23 14:57:00,160.061,160.089,160.037,160.077,356,33,0,True,160.0729512777042,160.08690000000007,,False,0,160.08690000000007,0,0,0,0,0,0,0,0,False,0,0,0,0,0
109,109,2022-12-23 15:00:00,160.081,160.081,159.987,160.015,450,34,0,True,160.06743210839903,160.08435000000006,,False,0,160.08435000000006,0,0,-100,0,0,0,0,0,False,-100,0,0,0,0
110,110,2022-12-23 15:03:00,160.015,160.031,159.987,159.992,355,30,0,True,160.0602480980753,160.08110000000008,,False,0,160.08110000000008,0,0,0,0,-100,0,0,0,False,0,0,0,0,0
111,111,2022-12-23 15:06:00,159.991,160.037,159.984,160.017,323,30,0,True,160.05612923159194,160.07750000000007,,False,0,160.07750000000007,0,0,100,0,0,0,0,0,False,0,0,0,0,0
112,112,2022-12-23 15:09:00,160.019,160.037,159.982,160.019,346,36,0,True,160.05259311429748,160.0721000000001,,False,0,160.0721000000001,0,0,0,0,100,0,0,0,False,0,0,0,0,0
113,113,2022-12-23 15:12:00,160.021,160.022,159.954,159.965,392,33,0,True,160.0442509129358,160.06115000000008,,False,0,160.06115000000008,0,0,-100,0,0,0,0,0,False,0,0,0,0,0
114,114,2022-12-23 15:15:00,159.969,160.009,159.94,159.942,416,31,0,True,160.03451273075146,160.04940000000008,,False,0,160.04940000000008,0,0,0,0,-100,0,0,0,False,0,0,0,0,0
115,115,2022-12-23 15:18:00,159.942,159.993,159.919,159.923,450,30,0,True,160.0238924706799,160.03735000000006,,False,0,160.03735000000006,0,0,0,0,0,0,0,0,False,0,0,0,0,0
116,116,2022-12-23 15:21:00,159.924,159.978,159.919,159.944,478,30,0,True,160.01628366394849,160.02715000000006,,False,0,160.02715000000006,0,0,0,0,0,0,0,0,False,0,0,0,0,0
117,117,2022-12-23 15:24:00,159.943,159.974,159.931,159.943,394,35,0,True,160.00930426738196,160.01815000000005,,False,0,160.01815000000005,0,0,0,0,0,0,0,0,False,0,0,0,0,0
118,118,2022-12-23 15:27:00,159.942,160.015,159.868,159.914,317,40,0,True,160.00022767048844,160.00805000000005,,False,0,160.00805000000005,0,0,0,0,0,0,0,0,False,0,0,0,0,0
119,119,2022-12-23 15:30:00,159.928,159.98,159.752,159.915,746,35,0,True,159.99211074948954,159.99920000000003,,False,0,159.99920000000003,0,0,0,0,0,0,0,0,False,0,0,0,0,0
120,120,2022-12-23 15:33:00,159.916,159.95,159.818,159.833,805,37,0,True,159.97695734477625,159.98465000000004,,False,0,159.98465000000004,0,0,0,0,0,0,0,0,False,0,0,0,0,0
121,121,2022-12-23 15:36:00,159.837,159.918,159.798,159.916,755,41,0,True,159.971151883369,159.97450000000006,,False,0,159.97450000000006,0,0,0,0,0,0,0,0,False,0,0,0,0,0
122,122,2022-12-23 15:39:00,159.915,160.06,159.91,159.988,813,30,0,True,159.9727564659053,159.97230000000005,,False,0,159.97230000000005,0,0,0,0,0,0,0,0,False,0,0,0,0,0
123,123,2022-12-23 15:42:00,159.988,160.118,159.97,160.074,770,30,0,True,159.98239870724765,159.97655000000003,,False,0,159.97655000000003,0,0,0,0,0,0,0,0,False,0,0,0,0,0
124,124,2022-12-23 15:45:00,160.077,160.083,159.989,160.032,708,38,0,True,159.98712263989074,159.97880000000004,,False,0,159.97880000000004,0,0,0,0,0,0,0,0,False,0,0,0,0,0
125,125,2022-12-23 15:48:00,160.024,160.038,159.976,159.985,644,37,0,True,159.98692048371066,159.97855000000007,,False,0,159.97855000000007,0,0,0,0,0,0,0,0,False,0,0,0,0,0
126,126,2022-12-23 15:51:00,159.986,160.007,159.883,159.896,698,34,0,True,159.97826139002393,159.97240000000008,,False,0,159.97240000000008,0,0,0,0,0,0,0,0,False,0,0,0,0,0
127,127,2022-12-23 15:54:00,159.889,159.925,159.829,159.86,723,35,0,True,159.96699840049786,159.9625000000001,,False,0,159.9625000000001,0,0,0,0,0,0,0,0,False,0,0,0,0,0
128,128,2022-12-23 15:57:00,159.86,159.908,159.833,159.895,649,35,0,True,159.96014140997426,159.95340000000007,,False,0,159.95340000000007,0,0,0,0,0,0,0,0,False,0,0,0,0,0
129,129,2022-12-23 16:00:00,159.893,159.934,159.875,159.912,629,37,0,True,159.95555651378623,159.9482500000001,,False,0,159.9482500000001,0,0,0,0,0,0,0,0,False,0,0,0,0,0
130,130,2022-12-23 16:03:00,159.911,160.005,159.898,159.955,662,37,0,True,159.95550351247326,159.94640000000007,,False,0,159.94640000000007,0,0,0,0,0,0,0,0,False,0,0,0,0,0
131,131,2022-12-23 16:06:00,159.957,160.047,159.95,159.978,589,35,0,True,159.95764603509485,159.94445000000007,,False,0,159.94445000000007,0,0,0,0,0,0,0,0,False,0,0,0,0,0
132,132,2022-12-23 16:09:00,159.979,159.987,159.872,159.881,575,36,0,True,159.95034641270487,159.93755000000007,,False,0,159.93755000000007,0,0,-100,0,0,100,0,0,False,0,0,0,0,0
133,133,2022-12-23 16:12:00,159.879,159.906,159.827,159.901,514,34,0,True,159.94564675435203,159.93435000000005,,False,100,159.93435000000005,0,0,0,0,0,0,0,0,False,0,0,0,0,0
134,134,2022-12-23 16:15:00,159.904,159.908,159.856,159.869,500,34,0,True,159.93834706346135,159.93070000000006,,False,0,159.93070000000006,0,0,-100,0,0,0,0,0,False,0,0,0,0,0
135,135,2022-12-23 16:18:00,159.868,159.914,159.835,159.908,587,34,0,True,159.93545686694122,159.92995000000008,,False,0,159.92995000000008,0,0,100,0,0,0,0,0,False,0,0,0,0,0
136,136,2022-12-23 16:21:00,159.908,160.077,159.895,160.073,633,30,0,True,159.9485562129468,159.93640000000008,,False,0,159.93640000000008,0,0,0,0,100,0,0,0,False,0,0,0,0,0
137,137,2022-12-23 16:24:00,160.073,160.085,160.037,160.085,527,30,0,True,159.96155085933282,159.94350000000006,,False,0,159.94350000000006,0,0,0,0,0,0,0,0,False,0,0,0,0,0
138,138,2022-12-23 16:27:00,160.078,160.084,159.995,160.0,498,30,0,True,159.9652126822535,159.94780000000006,,False,0,159.94780000000006,0,0,0,0,0,0,0,0,False,0,0,0,0,0
139,139,2022-12-23 16:30:00,160.001,160.119,159.991,160.102,674,30,0,True,159.97824004584842,159.95715000000004,,False,0,159.95715000000004,0,0,0,0,0,0,0,0,False,0,0,0,0,0
140,140,2022-12-23 16:33:00,160.104,160.129,160.073,160.074,586,30,0,True,159.9873600414819,159.96920000000006,,False,0,159.96920000000006,0,0,0,0,0,0,0,0,False,0,0,0,0,0
141,141,2022-12-23 16:36:00,160.074,160.099,160.009,160.091,547,35,0,True,159.99723051372172,159.97795000000002,,False,100,159.97795000000002,0,0,0,0,0,0,0,0,False,0,0,0,0,0
142,142,2022-12-23 16:39:00,160.093,160.127,160.052,160.103,590,30,0,True,160.0073037981292,159.98370000000006,,False,0,159.98370000000006,0,0,0,0,0,0,0,0,False,0,0,0,0,0
143,143,2022-12-23 16:42:00,160.105,160.18,160.096,160.131,586,30,0,True,160.01908438878354,159.98655000000002,,False,0,159.98655000000002,0,0,0,0,0,0,0,0,False,0,0,0,0,0
144,144,2022-12-23 16:45:00,160.13,160.157,160.117,160.128,555,30,0,True,160.02945730413748,159.99135000000004,,False,0,159.99135000000004,0,0,0,0,0,0,0,0,False,0,0,0,0,0
145,145,2022-12-23 16:48:00,160.127,160.153,160.092,160.092,512,30,0,True,160.03541375136248,159.99670000000003,,False,0,159.99670000000003,0,0,0,0,0,0,0,0,False,0,0,0,0,0
146,146,2022-12-23 16:51:00,160.094,160.136,160.087,160.12,503,37,0,True,160.04346958456605,160.0079,,False,0,160.0079,0,0,0,0,0,0,0,0,False,0,0,0,0,0
147,147,2022-12-23 16:54:00,160.12,160.144,160.083,160.14,496,31,0,True,160.05266295746452,160.02190000000002,,False,0,160.02190000000002,0,0,0,0,0,0,0,0,False,0,0,0,0,0
148,148,2022-12-23 16:57:00,160.14,160.162,160.069,160.069,438,30,0,True,160.0542188662774,160.0306,,False,0,160.0306,0,0,0,0,0,0,0,0,False,0,0,0,0,0
149,149,2022-12-23 17:00:00,160.071,160.199,159.891,160.116,763,40,0,True,160.0601027837748,160.04080000000002,,False,0,160.04080000000002,0,0,0,0,0,0,0,0,False,0,0,0,0,0
150,150,2022-12-23 17:03:00,160.116,160.138,160.059,160.064,682,41,0,True,160.0604739472248,160.04625000000001,,False,0,160.04625000000001,0,0,0,0,0,0,0,0,False,0,0,0,0,0
151,151,2022-12-23 17:06:00,160.064,160.212,160.016,160.212,659,30,0,True,160.07490499987006,160.05795,,False,0,160.05795,0,0,0,0,0,0,0,0,False,0,0,0,0,0
152,152,2022-12-23 17:09:00,160.212,160.241,160.186,160.22,682,31,0,True,160.088723571311,160.0749,,False,0,160.0749,0,0,0,0,0,0,0,0,False,0,0,0,0,0
153,153,2022-12-23 17:12:00,160.22,160.234,160.139,160.144,554,33,0,True,160.0939879930909,160.08705,,False,0,160.08705,0,0,0,0,0,0,0,0,False,0,0,0,0,0
154,154,2022-12-23 17:15:00,160.143,160.215,160.11,160.204,610,30,0,True,160.10446532708224,160.1038,,False,0,160.1038,0,0,0,0,0,0,0,0,False,0,0,0,0,0
155,155,2022-12-23 17:18:00,160.201,160.255,160.138,160.172,655,30,0,True,160.11089720069344,160.11700000000002,,False,0,160.11700000000002,0,0,0,0,0,0,0,0,False,0,0,0,0,0
156,156,2022-12-23 17:21:00,160.172,160.237,160.153,160.224,608,40,0,True,160.1216688958655,160.12455000000003,,False,0,160.12455000000003,0,0,0,0,0,0,0,0,False,0,0,0,0,0
157,157,2022-12-23 17:24:00,160.229,160.25,160.187,160.227,484,30,0,True,160.1317004295926,160.13165,,False,0,160.13165,0,0,0,0,0,0,0,0,False,0,0,0,0,0
158,158,2022-12-23 17:27:00,160.226,160.252,160.184,160.245,478,37,0,True,160.1424908648695,160.1439,,False,0,160.1439,0,0,100,0,0,0,0,0,False,0,0,0,0,0
159,159,2022-12-23 17:30:00,160.239,160.319,160.231,160.302,648,33,0,True,160.1576822110724,160.15390000000002,,False,0,160.15390000000002,0,0,0,0,100,0,0,0,False,0,0,0,0,0
160,160,2022-12-23 17:33:00,160.3,160.356,160.266,160.331,600,36,0,True,160.17418866716073,160.16675000000004,,False,0,160.16675000000004,0,0,0,0,0,0,0,0,False,0,0,0,0,0
161,161,2022-12-23 17:36:00,160.334,160.46,160.333,160.449,577,30,0,True,160.20036117505018,160.18465000000003,,False,0,160.18465000000003,0,0,0,0,0,0,0,0,False,0,0,0,0,0
162,162,2022-12-23 17:39:00,160.451,160.489,160.425,160.475,588,39,0,True,160.22651725361683,160.20325000000003,,False,0,160.20325000000003,0,0,0,0,0,0,0,0,False,0,0,0,0,0
163,163,2022-12-23 17:42:00,160.473,160.505,160.418,160.426,582,38,0,True,160.24551561041523,160.21800000000002,,False,0,160.21800000000002,0,0,0,0,0,0,0,0,False,0,0,0,0,0
164,164,2022-12-23 17:45:00,160.426,160.433,160.364,160.383,487,34,0,True,160.25860936180425,160.23075,,False,0,160.23075,0,0,0,0,0,0,0,0,False,0,0,0,0,0
165,165,2022-12-23 17:48:00,160.38,160.403,160.271,160.293,428,35,0,True,160.26188466068004,160.2408,,False,0,160.2408,0,0,0,0,0,0,0,0,False,0,0,0,0,0
166,166,2022-12-23 17:51:00,160.294,160.299,160.172,160.195,441,37,0,True,160.25551469299623,160.24455000000003,,False,0,160.24455000000003,0,0,0,0,0,0,0,0,False,0,0,0,0,0
167,167,2022-12-23 17:54:00,160.197,160.224,160.143,160.171,471,30,0,True,160.24746567461563,160.2461,,False,0,160.2461,0,0,0,0,0,0,0,0,False,0,0,0,0,0
168,168,2022-12-23 17:57:00,160.171,160.205,160.115,160.159,526,30,0,True,160.2390403722713,160.25060000000002,,False,0,160.25060000000002,0,0,0,0,0,0,0,0,False,0,0,0,0,0
169,169,2022-12-23 18:00:00,160.158,160.195,160.126,160.184,527,30,0,True,160.23379843205498,160.25400000000005,,False,0,160.25400000000005,0,0,100,0,0,0,0,0,False,0,0,0,0,0
170,170,2022-12-23 18:03:00,160.184,160.184,160.053,160.063,510,30,0,True,160.2175319147164,160.25395000000006,,False,0,160.25395000000006,0,0,0,0,0,0,0,0,False,0,0,0,0,0
171,171,2022-12-23 18:06:00,160.062,160.101,160.023,160.091,450,38,0,True,160.205481256172,160.24790000000004,,False,0,160.24790000000004,0,0,0,0,0,0,0,0,False,0,0,0,0,0
172,172,2022-12-23 18:09:00,160.093,160.136,160.071,160.126,505,36,0,True,160.19791161272704,160.24320000000006,,False,0,160.24320000000006,0,0,0,0,0,0,0,0,False,0,0,0,0,0
173,173,2022-12-23 18:12:00,160.123,160.17,160.105,160.151,474,39,0,True,160.19344384008636,160.24355000000006,,False,0,160.24355000000006,0,0,0,0,0,0,0,0,False,0,0,0,0,0
174,174,2022-12-23 18:15:00,160.149,160.17,160.09,160.108,495,36,0,True,160.1853063315067,160.23875000000004,,False,0,160.23875000000004,0,0,0,0,0,0,0,0,False,0,0,0,0,0
175,175,2022-12-23 18:18:00,160.111,160.12,160.05,160.092,443,39,0,True,160.17642001422035,160.23475000000005,,False,100,160.23475000000005,0,0,0,0,0,0,0,0,False,0,0,0,0,0
176,176,2022-12-23 18:21:00,160.092,160.124,160.091,160.091,466,36,0,True,160.1682847747708,160.22810000000004,,False,0,160.22810000000004,0,0,0,0,0,0,0,0,False,0,0,100,0,0
177,177,2022-12-23 18:24:00,160.093,160.106,160.073,160.075,359,38,0,True,160.1594005105069,160.22050000000004,,False,0,160.22050000000004,0,0,0,0,0,0,0,0,False,0,0,0,0,0
178,178,2022-12-23 18:27:00,160.075,160.09,160.05,160.088,428,36,0,True,160.1526004618872,160.21265000000005,,False,100,160.21265000000005,0,0,0,0,0,0,0,0,False,0,0,0,0,0
179,179,2022-12-23 18:30:00,160.088,160.11,160.069,160.085,460,30,0,True,160.14616232265985,160.20180000000005,,False,0,160.20180000000005,0,0,0,0,0,0,0,0,False,0,0,0,0,0
180,180,2022-12-23 18:33:00,160.083,160.127,160.067,160.122,437,39,0,True,160.1438611490732,160.19135000000003,,False,0,160.19135000000003,0,0,100,0,0,0,0,0,False,0,0,0,0,0
181,181,2022-12-23 18:36:00,160.122,160.146,160.095,160.139,456,40,0,True,160.1433981824948,160.17585000000003,,False,0,160.17585000000003,0,0,0,0,100,0,0,0,False,0,0,0,0,0
182,182,2022-12-23 18:39:00,160.138,160.165,160.112,160.129,439,40,0,True,160.1420269270191,160.15855000000005,,False,0,160.15855000000005,0,0,0,0,0,0,0,0,False,0,0,0,0,0
183,183,2022-12-23 18:42:00,160.129,160.154,160.117,160.146,398,38,0,True,160.14240531492203,160.14455000000004,,False,0,160.14455000000004,0,0,0,0,0,0,0,0,False,0,0,0,0,0
184,184,2022-12-23 18:45:00,160.145,160.146,160.08,160.082,304,39,0,True,160.1366524277866,160.12950000000006,,False,0,160.12950000000006,0,0,0,0,0,0,0,0,False,0,0,0,0,0
185,185,2022-12-23 18:48:00,160.084,160.12,160.066,160.101,304,40,0,True,160.1332569584736,160.11990000000006,,False,0,160.11990000000006,0,0,0,0,0,0,0,0,False,0,0,0,0,0
186,186,2022-12-23 18:51:00,160.101,160.101,160.06,160.062,292,36,0,True,160.1264705814761,160.11325000000005,,False,0,160.11325000000005,0,0,0,0,0,0,0,0,False,0,0,0,0,0
187,187,2022-12-23 18:54:00,160.061,160.083,160.047,160.06,298,36,0,True,160.12014004990695,160.10770000000005,,False,0,160.10770000000005,0,0,0,0,0,0,0,0,False,0,0,0,0,0
188,188,2022-12-23 18:57:00,160.061,160.066,159.968,159.983,314,31,0,True,160.10707909277295,160.09890000000004,,False,0,160.09890000000004,0,0,0,0,0,0,0,0,False,0,0,0,0,0
189,189,2022-12-23 19:00:00,159.983,160.003,159.973,159.984,406,37,0,True,160.09535727441363,160.08890000000002,,False,0,160.08890000000002,0,0,0,0,0,0,0,0,False,0,0,0,0,0
190,190,2022-12-23 19:03:00,159.982,160.04,159.981,160.014,417,38,0,True,160.0876089625647,160.08645000000004,,False,0,160.08645000000004,0,0,0,0,0,0,0,0,False,0,0,0,0,0
191,191,2022-12-23 19:06:00,160.014,160.025,159.98,160.024,360,34,0,True,160.08155096612998,160.08310000000003,,False,0,160.08310000000003,0,0,0,0,0,0,0,0,False,0,0,0,0,0
192,192,2022-12-23 19:09:00,160.024,160.043,160.008,160.027,312,30,0,True,160.07635563602236,160.07815000000002,,False,0,160.07815000000002,0,0,0,0,0,0,0,0,False,0,0,0,0,0
193,193,2022-12-23 19:12:00,160.03,160.086,160.03,160.082,307,39,0,True,160.07689319449642,160.07470000000004,,False,0,160.07470000000004,0,0,0,0,0,0,0,0,False,0,0,0,0,0
194,194,2022-12-23 19:15:00,160.083,160.128,160.057,160.121,405,31,0,True,160.08109384263963,160.07535000000001,,False,0,160.07535000000001,0,0,0,0,0,0,0,0,False,0,0,0,0,0
195,195,2022-12-23 19:18:00,160.121,160.146,160.102,160.126,429,30,0,True,160.0853706195311,160.07705000000004,,False,0,160.07705000000004,0,0,0,0,0,0,0,0,False,0,0,0,0,0
196,196,2022-12-23 19:21:00,160.128,160.168,160.125,160.156,431,31,0,True,160.09209722719478,160.08030000000002,,False,0,160.08030000000002,0,0,0,0,0,0,0,0,False,0,0,0,0,0
197,197,2022-12-23 19:24:00,160.156,160.19,160.141,160.184,436,34,0,True,160.10084987222385,160.08575000000005,,False,0,160.08575000000005,0,0,0,0,0,0,0,0,False,0,0,0,0,0