,Time,Open,High,Low,Close,tick_volume,spread,real_volume,session
0,2023-08-17 23:00:00,0.87816,0.87827,0.87814,0.87817,31,21,0,False
1,2023-08-17 23:05:00,0.87817,0.87819,0.87812,0.87817,27,20,0,False
2,2023-08-17 23:10:00,0.87816,0.87816,0.87809,0.87813,46,21,0,False
3,2023-08-17 23:15:00,0.87811,0.87835,0.87809,0.87833,48,20,0,False
4,2023-08-17 23:20:00,0.87834,0.87834,0.87821,0.87831,17,20,0,False
5,2023-08-17 23:25:00,0.87833,0.87837,0.87809,0.87813,44,19,0,False
6,2023-08-17 23:30:00,0.87813,0.87824,0.87813,0.87824,21,22,0,False
7,2023-08-17 23:35:00,0.87824,0.87835,0.87823,0.87835,31,23,0,False
8,2023-08-17 23:40:00,0.87835,0.87837,0.87828,0.87832,17,22,0,False
9,2023-08-17 23:45:00,0.87831,0.87836,0.87824,0.87836,12,21,0,False
10,2023-08-17 23:50:00,0.87836,0.87848,0.87835,0.87848,19,22,0,False
11,2023-08-17 23:55:00,0.87846,0.87846,0.87824,0.87824,95,23,0,False
12,2023-08-18 00:00:00,0.87816,0.87816,0.87679,0.87679,6,54,0,False
13,2023-08-18 00:05:00,0.8768,0.87755,0.8768,0.87755,13,115,0,False
14,2023-08-18 00:10:00,0.87755,0.87772,0.87755,0.87765,7,98,0,False
15,2023-08-18 00:15:00,0.87773,0.87773,0.87729,0.87735,8,97,0,False
16,2023-08-18 00:20:00,0.87735,0.87803,0.87722,0.87779,56,125,0,False
17,2023-08-18 00:25:00,0.87779,0.87787,0.87779,0.87779,11,160,0,False
18,2023-08-18 00:30:00,0.87779,0.87816,0.87779,0.878,99,72,0,False
19,2023-08-18 00:35:00,0.87793,0.87813,0.87786,0.87801,76,67,0,False
20,2023-08-18 00:40:00,0.87803,0.87818,0.87789,0.87809,156,99,0,False
21,2023-08-18 00:45:00,0.87808,0.8782,0.8779,0.8781,157,77,0,False
22,2023-08-18 00:50:00,0.87811,0.8782,0.87782,0.87807,300,73,0,False
23,2023-08-18 00:55:00,0.87809,0.87828,0.87792,0.87814,192,83,0,False
24,2023-08-18 01:00:00,0.87814,0.87814,0.87778,0.87793,152,50,0,False
25,2023-08-18 01:05:00,0.87788,0.87804,0.87788,0.87803,81,53,0,False
26,2023-08-18 01:10:00,0.87802,0.87813,0.87789,0.87797,61,43,0,False
27,2023-08-18 01:15:00,0.878,0.87815,0.87795,0.87795,125,23,0,False
28,2023-08-18 01:20:00,0.87796,0.87799,0.87787,0.87791,90,23,0,False
29,2023-08-18 01:25:00,0.8779,0.878,0.8779,0.878,187,24,0,False
30,2023-08-18 01:30:00,0.87801,0.87803,0.87781,0.87785,83,24,0,False
31,2023-08-18 01:35:00,0.87786,0.87807,0.87786,0.87805,81,24,0,False
32,2023-08-18 01:40:00,0.87806,0.87807,0.87802,0.87802,35,24,0,False
33,2023-08-18 01:45:00,0.87802,0.87803,0.87794,0.87798,16,23,0,False
34,2023-08-18 01:50:00,0.87798,0.87806,0.87798,0.87805,13,22,0,False
35,2023-08-18 01:55:00,0.87805,0.8781,0.87804,0.8781,16,22,0,False
36,2023-08-18 02:00:00,0.87808,0.87808,0.878,0.87802,30,21,0,False
37,2023-08-18 02:05:00,0.87803,0.8782,0.87802,0.87819,69,20,0,False
38,2023-08-18 02:10:00,0.87819,0.8782,0.87811,0.87811,45,21,0,False
39,2023-08-18 02:15:00,0.87808,0.87811,0.87803,0.8781,28,21,0,False
40,2023-08-18 02:20:00,0.87811,0.87815,0.87809,0.87814,16,21,0,False
41,2023-08-18 02:25:00,0.87815,0.87819,0.87808,0.87818,33,19,0,False
42,2023-08-18 02:30:00,0.87819,0.87825,0.87819,0.87821,12,21,0,False
43,2023-08-18 02:35:00,0.8782,0.8782,0.87804,0.87805,22,21,0,False
44,2023-08-18 02:40:00,0.87804,0.87805,0.87799,0.878,44,22,0,False
45,2023-08-18 02:45:00,0.878,0.87807,0.87793,0.87802,157,21,0,False
46,2023-08-18 02:50:00,0.87801,0.87804,0.878,0.87801,144,24,0,False
47,2023-08-18 02:55:00,0.878,0.87822,0.878,0.87822,95,21,0,False
48,2023-08-18 03:00:00,0.8782,0.87871,0.87816,0.87866,139,19,0,False
49,2023-08-18 03:05:00,0.87865,0.87865,0.87848,0.87862,156,21,0,False
50,2023-08-18 03:10:00,0.87864,0.87879,0.87864,0.87873,63,20,0,False
51,2023-08-18 03:15:00,0.87873,0.87877,0.87853,0.87855,59,20,0,False
52,2023-08-18 03:20:00,0.87854,0.87869,0.87854,0.87861,76,21,0,False
53,2023-08-18 03:25:00,0.87862,0.87862,0.87849,0.87861,100,20,0,False
54,2023-08-18 03:30:00,0.87862,0.8787,0.87861,0.87864,52,21,0,False
55,2023-08-18 03:35:00,0.87864,0.87865,0.87846,0.87849,56,19,0,False
56,2023-08-18 03:40:00,0.87849,0.8785,0.87831,0.87839,84,21,0,False
57,2023-08-18 03:45:00,0.87839,0.87839,0.87802,0.87808,92,21,0,False
58,2023-08-18 03:50:00,0.87808,0.87809,0.87769,0.87771,159,19,0,False
59,2023-08-18 03:55:00,0.87781,0.87802,0.87762,0.87781,125,19,0,False
60,2023-08-18 04:00:00,0.8778,0.87808,0.87778,0.87791,124,19,0,False
61,2023-08-18 04:05:00,0.8779,0.87796,0.87773,0.87785,134,19,0,False
62,2023-08-18 04:10:00,0.87786,0.87797,0.87778,0.87789,96,20,0,False
63,2023-08-18 04:15:00,0.8779,0.87801,0.87765,0.8779,124,19,0,False
64,2023-08-18 04:20:00,0.87791,0.87811,0.87781,0.87802,92,19,0,False
65,2023-08-18 04:25:00,0.87803,0.87803,0.8779,0.87799,48,19,0,False
66,2023-08-18 04:30:00,0.87797,0.87803,0.87767,0.87801,82,20,0,False
67,2023-08-18 04:35:00,0.87801,0.87812,0.87753,0.87761,141,20,0,False
68,2023-08-18 04:40:00,0.87761,0.87774,0.87735,0.87745,173,20,0,False
69,2023-08-18 04:45:00,0.87744,0.87801,0.87734,0.87787,155,20,0,False
70,2023-08-18 04:50:00,0.87788,0.87795,0.87768,0.87778,72,21,0,False
71,2023-08-18 04:55:00,0.87779,0.87789,0.87772,0.87777,169,20,0,False
72,2023-08-18 05:00:00,0.87778,0.87785,0.87746,0.8775,148,21,0,False
73,2023-08-18 05:05:00,0.87749,0.87763,0.87737,0.87745,184,20,0,False
74,2023-08-18 05:10:00,0.87744,0.87762,0.8774,0.87741,54,21,0,False
75,2023-08-18 05:15:00,0.87741,0.87759,0.87741,0.87742,39,20,0,False
76,2023-08-18 05:20:00,0.87741,0.87746,0.87727,0.87746,93,21,0,False
77,2023-08-18 05:25:00,0.87745,0.87745,0.87732,0.87733,65,22,0,False
78,2023-08-18 05:30:00,0.87731,0.87782,0.87729,0.87775,179,19,0,False
79,2023-08-18 05:35:00,0.87774,0.87783,0.87751,0.87752,87,21,0,False
80,2023-08-18 05:40:00,0.87751,0.87753,0.8773,0.8774,63,20,0,False
81,2023-08-18 05:45:00,0.8774,0.87758,0.87731,0.8775,72,21,0,False
82,2023-08-18 05:50:00,0.87749,0.87768,0.87748,0.87768,40,19,0,False
83,2023-08-18 05:55:00,0.87767,0.87768,0.87753,0.87754,103,22,0,False
84,2023-08-18 06:00:00,0.87756,0.87813,0.87755,0.87802,177,22,0,True
85,2023-08-18 06:05:00,0.87802,0.87815,0.87796,0.87809,125,21,0,True
86,2023-08-18 06:10:00,0.87808,0.87819,0.87801,0.87809,50,20,0,True
87,2023-08-18 06:15:00,0.87807,0.87819,0.878,0.87818,91,21,0,True
88,2023-08-18 06:20:00,0.8782,0.87824,0.87811,0.87814,66,22,0,True
89,2023-08-18 06:25:00,0.87813,0.87824,0.87797,0.87801,95,21,0,True
90,2023-08-18 06:30:00,0.878,0.87803,0.87783,0.87796,87,22,0,True
91,2023-08-18 06:35:00,0.87795,0.87799,0.87788,0.87792,42,21,0,True
92,2023-08-18 06:40:00,0.87791,0.87791,0.87775,0.87786,32,21,0,True
93,2023-08-18 06:45:00,0.87787,0.87826,0.87779,0.87813,87,19,0,True
94,2023-08-18 06:50:00,0.87813,0.87816,0.87801,0.87813,50,19,0,True
95,2023-08-18 06:55:00,0.87814,0.87814,0.87785,0.87791,66,19,0,True
96,2023-08-18 07:00:00,0.87791,0.87791,0.87775,0.87779,47,21,0,True
97,2023-08-18 07:05:00,0.87775,0.8778,0.8776,0.8776,75,20,0,True
98,2023-08-18 07:10:00,0.87761,0.87777,0.87761,0.87775,34,19,0,True
99,2023-08-18 07:15:00,0.87777,0.878,0.87773,0.87794,103,20,0,True
100,2023-08-18 07:20:00,0.87793,0.87799,0.87785,0.87796,123,20,0,True
101,2023-08-18 07:25:00,0.87798,0.87826,0.87793,0.87813,144,19,0,True
102,2023-08-18 07:30:00,0.87814,0.87824,0.87797,0.87805,61,20,0,True
103,2023-08-18 07:35:00,0.87806,0.87836,0.87804,0.87828,164,19,0,True
104,2023-08-18 07:40:00,0.87826,0.87842,0.87826,0.8783,67,19,0,True
105,2023-08-18 07:45:00,0.87829,0.87845,0.87826,0.87845,58,20,0,True
106,2023-08-18 07:50:00,0.87845,0.87859,0.87831,0.87856,100,20,0,True
107,2023-08-18 07:55:00,0.87854,0.87856,0.87836,0.87855,151,21,0,True
108,2023-08-18 08:00:00,0.87857,0.87864,0.8785,0.87855,131,21,0,True
109,2023-08-18 08:05:00,0.87854,0.87866,0.87847,0.87864,114,21,0,True
110,2023-08-18 08:10:00,0.87865,0.87887,0.87865,0.87881,56,21,0,True
111,2023-08-18 08:15:00,0.87879,0.87915,0.87873,0.87914,91,20,0,True
112,2023-08-18 08:20:00,0.87914,0.87937,0.87908,0.87927,93,19,0,True
113,2023-08-18 08:25:00,0.87922,0.87931,0.87894,0.87904,61,20,0,True
114,2023-08-18 08:30:00,0.87905,0.87917,0.87902,0.87909,91,19,0,True
115,2023-08-18 08:35:00,0.87911,0.87915,0.87891,0.87906,75,20,0,True
116,2023-08-18 08:40:00,0.87908,0.87912,0.87887,0.87892,69,21,0,True
117,2023-08-18 08:45:00,0.87894,0.87894,0.87852,0.87858,78,19,0,True
118,2023-08-18 08:50:00,0.87858,0.87877,0.8785,0.87854,111,20,0,True
119,2023-08-18 08:55:00,0.87853,0.87877,0.87849,0.87857,142,19,0,True
120,2023-08-18 09:00:00,0.87855,0.87871,0.87831,0.87868,345,19,0,True
121,2023-08-18 09:05:00,0.87869,0.87894,0.87852,0.87856,218,19,0,True
122,2023-08-18 09:10:00,0.87855,0.87878,0.87841,0.87857,220,19,0,True
123,2023-08-18 09:15:00,0.87858,0.87858,0.87824,0.87857,159,20,0,True
124,2023-08-18 09:20:00,0.87858,0.87862,0.87824,0.87825,99,20,0,True
125,2023-08-18 09:25:00,0.87825,0.87844,0.87802,0.87842,215,20,0,True
126,2023-08-18 09:30:00,0.87843,0.87858,0.87832,0.8784,168,21,0,True
127,2023-08-18 09:35:00,0.8784,0.87851,0.87789,0.87833,160,19,0,True
128,2023-08-18 09:40:00,0.87833,0.87902,0.87833,0.879,275,21,0,True
129,2023-08-18 09:45:00,0.87901,0.8791,0.8788,0.87908,239,21,0,True
130,2023-08-18 09:50:00,0.87908,0.87933,0.87907,0.87926,183,21,0,True
131,2023-08-18 09:55:00,0.87927,0.87964,0.87927,0.87931,215,21,0,True
132,2023-08-18 10:00:00,0.87933,0.87978,0.87932,0.87966,299,20,0,True
133,2023-08-18 10:05:00,0.87967,0.87988,0.87928,0.87941,331,20,0,True
134,2023-08-18 10:10:00,0.87944,0.87958,0.87937,0.87943,280,20,0,True
135,2023-08-18 10:15:00,0.87943,0.87959,0.87928,0.87938,214,20,0,True
136,2023-08-18 10:20:00,0.87937,0.87952,0.87926,0.87942,219,20,0,True
137,2023-08-18 10:25:00,0.87943,0.87949,0.87925,0.87925,173,19,0,True
138,2023-08-18 10:30:00,0.87924,0.8797,0.87924,0.87961,194,19,0,True
139,2023-08-18 10:35:00,0.87961,0.8798,0.87954,0.8798,195,19,0,True
140,2023-08-18 10:40:00,0.87985,0.88038,0.87985,0.87992,248,19,0,True
141,2023-08-18 10:45:00,0.87992,0.87992,0.8793,0.87946,205,20,0,True
142,2023-08-18 10:50:00,0.87946,0.87981,0.87943,0.87963,207,20,0,True
143,2023-08-18 10:55:00,0.87962,0.87982,0.87946,0.87968,168,19,0,True
144,2023-08-18 11:00:00,0.87969,0.87969,0.87913,0.87934,187,19,0,True
145,2023-08-18 11:05:00,0.87932,0.87995,0.8793,0.87995,179,19,0,True
146,2023-08-18 11:10:00,0.88003,0.88006,0.87983,0.87988,100,19,0,True
147,2023-08-18 11:15:00,0.87989,0.88021,0.87966,0.88021,159,19,0,True
148,2023-08-18 11:20:00,0.8802,0.88028,0.87977,0.88015,218,19,0,True
149,2023-08-18 11:25:00,0.88014,0.8802,0.87978,0.87989,258,19,0,True
150,2023-08-18 11:30:00,0.8799,0.8799,0.87951,0.87972,206,20,0,True
151,2023-08-18 11:35:00,0.87974,0.88018,0.87956,0.88016,219,19,0,True
152,2023-08-18 11:40:00,0.88013,0.88026,0.87991,0.88014,219,19,0,True
153,2023-08-18 11:45:00,0.88014,0.88042,0.88014,0.8804,148,19,0,True
154,2023-08-18 11:50:00,0.8804,0.88052,0.88022,0.88027,213,19,0,True
155,2023-08-18 11:55:00,0.88027,0.88029,0.88006,0.88028,142,19,0,True
156,2023-08-18 12:00:00,0.8803,0.88038,0.88014,0.88031,144,19,0,True
157,2023-08-18 12:05:00,0.88032,0.88057,0.8803,0.88054,174,19,0,True
158,2023-08-18 12:10:00,0.88054,0.88054,0.88026,0.88048,160,19,0,True
159,2023-08-18 12:15:00,0.8805,0.88066,0.88036,0.88053,144,19,0,True
160,2023-08-18 12:20:00,0.88054,0.88056,0.88025,0.88031,195,19,0,True
161,2023-08-18 12:25:00,0.88034,0.88043,0.88018,0.88024,275,19,0,True
162,2023-08-18 12:30:00,0.88024,0.88042,0.88012,0.88017,184,19,0,True
163,2023-08-18 12:35:00,0.88017,0.88031,0.87998,0.88003,244,19,0,True
164,2023-08-18 12:40:00,0.88004,0.88026,0.8799,0.88025,159,19,0,True
165,2023-08-18 12:45:00,0.88025,0.88043,0.88017,0.88036,180,20,0,True
166,2023-08-18 12:50:00,0.88035,0.88036,0.88012,0.88014,205,19,0,True
167,2023-08-18 12:55:00,0.88015,0.8803,0.88012,0.88014,193,19,0,True
168,2023-08-18 13:00:00,0.88014,0.88014,0.87972,0.87979,244,20,0,True
169,2023-08-18 13:05:00,0.87979,0.87986,0.87949,0.87951,288,19,0,True
170,2023-08-18 13:10:00,0.87953,0.8796,0.87933,0.87955,266,19,0,True
171,2023-08-18 13:15:00,0.87955,0.87977,0.87939,0.8797,160,19,0,True
172,2023-08-18 13:20:00,0.87971,0.87983,0.87949,0.87966,200,19,0,True
173,2023-08-18 13:25:00,0.87965,0.87976,0.87952,0.87954,136,20,0,True
174,2023-08-18 13:30:00,0.87953,0.87997,0.87952,0.87985,137,19,0,True
175,2023-08-18 13:35:00,0.87986,0.87997,0.87985,0.8799,94,19,0,True
176,2023-08-18 13:40:00,0.8799,0.88038,0.87988,0.88037,108,20,0,True
177,2023-08-18 13:45:00,0.88038,0.88073,0.88028,0.88062,183,20,0,True
178,2023-08-18 13:50:00,0.88062,0.88066,0.88038,0.88054,180,20,0,True
179,2023-08-18 13:55:00,0.88055,0.88077,0.88053,0.88071,126,19,0,True
180,2023-08-18 14:00:00,0.8807,0.88077,0.88053,0.88056,97,19,0,True
181,2023-08-18 14:05:00,0.88056,0.88078,0.88039,0.88072,220,19,0,True
182,2023-08-18 14:10:00,0.88073,0.88078,0.88064,0.88075,117,19,0,True
183,2023-08-18 14:15:00,0.88075,0.88081,0.88067,0.88067,84,19,0,True
184,2023-08-18 14:20:00,0.88069,0.88109,0.88069,0.881,180,19,0,True
185,2023-08-18 14:25:00,0.881,0.88102,0.88075,0.88078,109,19,0,True
186,2023-08-18 14:30:00,0.88078,0.88084,0.88049,0.88065,166,19,0,True
187,2023-08-18 14:35:00,0.88065,0.88069,0.88051,0.88067,98,19,0,True
188,2023-08-18 14:40:00,0.88067,0.88067,0.88005,0.88009,117,19,0,True
189,2023-08-18 14:45:00,0.88009,0.88036,0.87988,0.88034,238,19,0,True
190,2023-08-18 14:50:00,0.88034,0.88065,0.88031,0.88062,139,19,0,True
191,2023-08-18 14:55:00,0.88062,0.88069,0.88046,0.88063,310,19,0,True
192,2023-08-18 15:00:00,0.88062,0.881,0.88056,0.88071,335,19,0,True
193,2023-08-18 15:05:00,0.8807,0.8809,0.88058,0.88063,157,19,0,True
194,2023-08-18 15:10:00,0.88063,0.88087,0.88063,0.88078,190,19,0,True
195,2023-08-18 15:15:00,0.88077,0.88101,0.88054,0.8809,166,19,0,True
196,2023-08-18 15:20:00,0.88089,0.88142,0.88087,0.88138,327,19,0,True
197,2023-08-18 15:25:00,0.88138,0.88171,0.88127,0.8817,277,19,0,True
198,2023-08-18 15:30:00,0.8817,0.88188,0.88142,0.88182,372,19,0,True
199,2023-08-18 15:35:00,0.88183,0.88241,0.88168,0.88184,450,19,0,True
200,2023-08-18 15:40:00,0.88183,0.8823,0.88166,0.88173,290,19,0,True
201,2023-08-18 15:45:00,0.88173,0.8819,0.88157,0.8816,266,19,0,True
202,2023-08-18 15:50:00,0.88161,0.8817,0.88125,0.8817,247,19,0,True
203,2023-08-18 15:55:00,0.88171,0.88176,0.8813,0.88133,283,19,0,True
204,2023-08-18 16:00:00,0.88133,0.88175,0.88117,0.88133,271,19,0,True
205,2023-08-18 16:05:00,0.88135,0.88136,0.88024,0.88044,425,19,0,True
206,2023-08-18 16:10:00,0.88044,0.88076,0.88013,0.88025,393,19,0,True
207,2023-08-18 16:15:00,0.88025,0.8805,0.88004,0.88013,308,19,0,True
208,2023-08-18 16:20:00,0.88014,0.88054,0.88009,0.88036,320,19,0,True
209,2023-08-18 16:25:00,0.88038,0.88057,0.88029,0.88055,406,19,0,True
210,2023-08-18 16:30:00,0.88056,0.88078,0.88034,0.8805,664,19,0,True
211,2023-08-18 16:35:00,0.88049,0.881,0.88045,0.88045,683,19,0,True
212,2023-08-18 16:40:00,0.88043,0.88078,0.87995,0.87999,501,19,0,True
213,2023-08-18 16:45:00,0.87999,0.88046,0.87935,0.87943,589,19,0,True
214,2023-08-18 16:50:00,0.87943,0.87965,0.87916,0.87961,585,20,0,True
215,2023-08-18 16:55:00,0.87962,0.88001,0.8795,0.87991,525,19,0,True
216,2023-08-18 17:00:00,0.87992,0.88024,0.87967,0.88001,566,19,0,True
217,2023-08-18 17:05:00,0.88,0.88021,0.87975,0.87995,473,20,0,True
218,2023-08-18 17:10:00,0.87997,0.88066,0.87993,0.88061,289,19,0,True
219,2023-08-18 17:15:00,0.8806,0.88091,0.88047,0.88074,308,19,0,True
220,2023-08-18 17:20:00,0.88074,0.88075,0.88021,0.88027,201,19,0,True
221,2023-08-18 17:25:00,0.88025,0.88064,0.88022,0.88037,253,19,0,True
222,2023-08-18 17:30:00,0.88037,0.88093,0.88036,0.88069,298,19,0,True
223,2023-08-18 17:35:00,0.8807,0.88099,0.88056,0.88095,164,19,0,True
224,2023-08-18 17:40:00,0.88097,0.88109,0.88086,0.88094,248,19,0,True
225,2023-08-18 17:45:00,0.88094,0.88111,0.88058,0.8809,326,19,0,True
226,2023-08-18 17:50:00,0.88092,0.88113,0.88062,0.88104,290,19,0,True
227,2023-08-18 17:55:00,0.88103,0.88128,0.88095,0.88128,279,19,0,True
228,2023-08-18 18:00:00,0.88128,0.88132,0.88092,0.88108,310,19,0,False
229,2023-08-18 18:05:00,0.88109,0.88162,0.88108,0.8814,317,19,0,False
230,2023-08-18 18:10:00,0.8814,0.88145,0.88119,0.88123,196,19,0,False
231,2023-08-18 18:15:00,0.88124,0.88124,0.88096,0.88107,170,19,0,False
232,2023-08-18 18:20:00,0.88107,0.88114,0.88082,0.8811,167,19,0,False
233,2023-08-18 18:25:00,0.88112,0.88134,0.88104,0.88129,163,19,0,False
234,2023-08-18 18:30:00,0.88128,0.88136,0.88116,0.88135,260,20,0,False
235,2023-08-18 18:35:00,0.88135,0.88141,0.88121,0.8814,167,19,0,False
236,2023-08-18 18:40:00,0.88139,0.88178,0.88138,0.88173,287,19,0,False
237,2023-08-18 18:45:00,0.88172,0.88177,0.88147,0.88149,247,19,0,False
238,2023-08-18 18:50:00,0.88148,0.88158,0.88136,0.88154,221,19,0,False
239,2023-08-18 18:55:00,0.88155,0.88178,0.88143,0.88161,219,19,0,False
240,2023-08-18 19:00:00,0.88162,0.88166,0.88145,0.88157,156,20,0,False
241,2023-08-18 19:05:00,0.88155,0.88167,0.88144,0.88166,124,20,0,False
242,2023-08-18 19:10:00,0.88165,0.88175,0.88156,0.88157,110,19,0,False
243,2023-08-18 19:15:00,0.88156,0.88173,0.88154,0.88165,161,21,0,False
244,2023-08-18 19:20:00,0.88164,0.88168,0.88153,0.88153,93,19,0,False
245,2023-08-18 19:25:00,0.88154,0.88159,0.88142,0.88159,86,20,0,False
246,2023-08-18 19:30:00,0.88158,0.8817,0.88142,0.8817,98,21,0,False
247,2023-08-18 19:35:00,0.8817,0.88187,0.8816,0.88162,115,19,0,False
248,2023-08-18 19:40:00,0.88161,0.88165,0.8815,0.88165,120,20,0,False
249,2023-08-18 19:45:00,0.88164,0.88186,0.88142,0.88144,198,19,0,False
250,2023-08-18 19:50:00,0.88143,0.8817,0.88142,0.88169,113,20,0,False
251,2023-08-18 19:55:00,0.8817,0.88172,0.88142,0.88167,187,19,0,False
252,2023-08-18 20:00:00,0.88167,0.88168,0.88111,0.88133,242,19,0,False
253,2023-08-18 20:05:00,0.88132,0.88137,0.88114,0.88126,248,20,0,False
254,2023-08-18 20:10:00,0.88125,0.88134,0.88113,0.88124,212,19,0,False
255,2023-08-18 20:15:00,0.88125,0.88136,0.8812,0.88135,262,20,0,False
256,2023-08-18 20:20:00,0.88135,0.88169,0.88132,0.88168,259,19,0,False
257,2023-08-18 20:25:00,0.8817,0.88181,0.88152,0.88155,179,19,0,False
258,2023-08-18 20:30:00,0.88156,0.88162,0.88142,0.88159,113,20,0,False
259,2023-08-18 20:35:00,0.88159,0.8817,0.88152,0.88161,96,20,0,False
260,2023-08-18 20:40:00,0.88158,0.88158,0.88126,0.88126,97,21,0,False
261,2023-08-18 20:45:00,0.88126,0.88129,0.88112,0.88122,125,20,0,False
262,2023-08-18 20:50:00,0.88122,0.88123,0.8809,0.88094,77,19,0,False
263,2023-08-18 20:55:00,0.88092,0.88134,0.88092,0.88128,82,19,0,False
264,2023-08-18 21:00:00,0.88128,0.88159,0.88115,0.88157,95,19,0,False
265,2023-08-18 21:05:00,0.88156,0.88173,0.88154,0.8816,103,19,0,False
266,2023-08-18 21:10:00,0.8816,0.88197,0.8816,0.88192,65,19,0,False
267,2023-08-18 21:15:00,0.88192,0.88192,0.88179,0.88181,138,19,0,False
268,2023-08-18 21:20:00,0.8818,0.88201,0.88163,0.88181,123,19,0,False
269,2023-08-18 21:25:00,0.8818,0.88195,0.8818,0.88185,88,19,0,False
270,2023-08-18 21:30:00,0.88183,0.88183,0.88143,0.88158,87,19,0,False
271,2023-08-18 21:35:00,0.88158,0.8816,0.88136,0.88138,44,19,0,False
272,2023-08-18 21:40:00,0.88138,0.88161,0.88126,0.88157,118,19,0,False
273,2023-08-18 21:45:00,0.8816,0.88165,0.88152,0.88162,52,19,0,False
274,2023-08-18 21:50:00,0.88163,0.88171,0.88151,0.88158,54,19,0,False
275,2023-08-18 21:55:00,0.88158,0.88194,0.88152,0.88193,92,19,0,False
276,2023-08-18 22:00:00,0.88193,0.88232,0.88193,0.88209,185,19,0,False
277,2023-08-18 22:05:00,0.8821,0.88219,0.88194,0.88194,86,19,0,False
278,2023-08-18 22:10:00,0.88192,0.88209,0.88192,0.88208,87,19,0,False
279,2023-08-18 22:15:00,0.88208,0.88215,0.88199,0.88213,58,20,0,False
280,2023-08-18 22:20:00,0.88213,0.88215,0.88191,0.88193,58,20,0,False
281,2023-08-18 22:25:00,0.88195,0.88196,0.88177,0.88177,58,21,0,False
282,2023-08-18 22:30:00,0.88179,0.88215,0.88175,0.88215,91,19,0,False
283,2023-08-18 22:35:00,0.88216,0.88218,0.88196,0.88198,128,21,0,False
284,2023-08-18 22:40:00,0.88198,0.88198,0.88187,0.88197,119,20,0,False
285,2023-08-18 22:45:00,0.882,0.88202,0.88164,0.88184,248,19,0,False
286,2023-08-18 22:50:00,0.88183,0.88199,0.88179,0.88193,109,21,0,False
287,2023-08-18 22:55:00,0.88193,0.88217,0.88189,0.88217,95,20,0,False
288,2023-08-18 23:00:00,0.88215,0.8822,0.88204,0.88204,77,23,0,False
289,2023-08-18 23:05:00,0.882,0.88213,0.882,0.88209,55,21,0,False
290,2023-08-18 23:10:00,0.8821,0.88211,0.88184,0.88188,68,20,0,False
291,2023-08-18 23:15:00,0.88189,0.88192,0.88189,0.8819,35,23,0,False
292,2023-08-18 23:20:00,0.88191,0.88212,0.88191,0.88211,81,25,0,False
293,2023-08-18 23:25:00,0.88211,0.88239,0.8821,0.88235,81,21,0,False
294,2023-08-18 23:30:00,0.88234,0.88234,0.88226,0.8823,64,23,0,False
295,2023-08-18 23:35:00,0.88229,0.88233,0.88222,0.88229,63,24,0,False
296,2023-08-18 23:40:00,0.8823,0.88253,0.88229,0.88253,78,24,0,False
297,2023-08-18 23:45:00,0.88254,0.88261,0.88245,0.88246,79,23,0,False
298,2023-08-18 23:50:00,0.88247,0.8827,0.8824,0.88253,120,20,0,False
299,2023-08-18 23:55:00,0.88249,0.88249,0.88139,0.88213,65,42,0,False
