,Time,Open,High,Low,Close,tick_volume,spread,real_volume,session
0,2023-07-17 23:05:00,138.654,138.685,138.651,138.675,204,20,0,False
1,2023-07-17 23:10:00,138.685,138.692,138.673,138.683,249,23,0,False
2,2023-07-17 23:15:00,138.683,138.693,138.683,138.693,94,19,0,False
3,2023-07-17 23:20:00,138.693,138.693,138.68,138.693,56,23,0,False
4,2023-07-17 23:25:00,138.692,138.693,138.672,138.683,92,22,0,False
5,2023-07-17 23:30:00,138.683,138.713,138.677,138.711,189,20,0,False
6,2023-07-17 23:35:00,138.71,138.713,138.699,138.712,106,23,0,False
7,2023-07-17 23:40:00,138.712,138.712,138.683,138.691,79,22,0,False
8,2023-07-17 23:45:00,138.691,138.703,138.683,138.692,62,22,0,False
9,2023-07-17 23:50:00,138.692,138.712,138.69,138.7,251,23,0,False
10,2023-07-17 23:55:00,138.699,138.713,138.691,138.693,169,22,0,False
11,2023-07-18 00:00:00,138.676,138.716,138.623,138.668,10,64,0,False
12,2023-07-18 00:05:00,138.686,138.7,138.613,138.655,23,39,0,False
13,2023-07-18 00:10:00,138.661,138.686,138.659,138.686,15,39,0,False
14,2023-07-18 00:15:00,138.686,138.686,138.686,138.686,4,54,0,False
15,2023-07-18 00:20:00,138.686,138.687,138.667,138.674,9,53,0,False
16,2023-07-18 00:25:00,138.674,138.674,138.672,138.672,3,60,0,False
17,2023-07-18 00:30:00,138.673,138.674,138.66,138.673,16,63,0,False
18,2023-07-18 00:35:00,138.673,138.681,138.67,138.681,18,53,0,False
19,2023-07-18 00:40:00,138.686,138.686,138.682,138.684,13,41,0,False
20,2023-07-18 00:45:00,138.684,138.686,138.683,138.685,13,42,0,False
21,2023-07-18 00:50:00,138.681,138.688,138.681,138.686,23,40,0,False
22,2023-07-18 00:55:00,138.687,138.689,138.686,138.688,10,39,0,False
23,2023-07-18 01:00:00,138.688,138.689,138.592,138.634,256,21,0,False
24,2023-07-18 01:05:00,138.631,138.632,138.605,138.626,51,26,0,False
25,2023-07-18 01:10:00,138.624,138.639,138.607,138.629,205,22,0,False
26,2023-07-18 01:15:00,138.631,138.653,138.625,138.65,240,21,0,False
27,2023-07-18 01:20:00,138.651,138.666,138.618,138.623,220,23,0,False
28,2023-07-18 01:25:00,138.618,138.635,138.614,138.631,179,21,0,False
29,2023-07-18 01:30:00,138.63,138.655,138.63,138.639,239,23,0,False
30,2023-07-18 01:35:00,138.64,138.655,138.638,138.641,213,26,0,False
31,2023-07-18 01:40:00,138.642,138.692,138.64,138.682,255,22,0,False
32,2023-07-18 01:45:00,138.684,138.691,138.677,138.679,177,26,0,False
33,2023-07-18 01:50:00,138.678,138.69,138.672,138.689,227,25,0,False
34,2023-07-18 01:55:00,138.688,138.709,138.686,138.709,164,20,0,False
35,2023-07-18 02:00:00,138.708,138.747,138.705,138.719,274,22,0,False
36,2023-07-18 02:05:00,138.72,138.72,138.677,138.678,229,24,0,False
37,2023-07-18 02:10:00,138.679,138.686,138.648,138.663,205,22,0,False
38,2023-07-18 02:15:00,138.664,138.68,138.652,138.656,152,20,0,False
39,2023-07-18 02:20:00,138.656,138.682,138.653,138.676,120,23,0,False
40,2023-07-18 02:25:00,138.677,138.684,138.67,138.679,113,20,0,False
41,2023-07-18 02:30:00,138.679,138.727,138.679,138.702,160,18,0,False
42,2023-07-18 02:35:00,138.702,138.702,138.689,138.691,149,23,0,False
43,2023-07-18 02:40:00,138.691,138.727,138.689,138.69,168,20,0,False
44,2023-07-18 02:45:00,138.69,138.72,138.69,138.718,231,22,0,False
45,2023-07-18 02:50:00,138.718,138.769,138.718,138.745,221,20,0,False
46,2023-07-18 02:55:00,138.744,138.748,138.713,138.714,354,20,0,False
47,2023-07-18 03:00:00,138.714,138.857,138.7,138.822,716,18,0,False
48,2023-07-18 03:05:00,138.821,138.853,138.783,138.851,401,20,0,False
49,2023-07-18 03:10:00,138.852,138.889,138.845,138.875,389,18,0,False
50,2023-07-18 03:15:00,138.876,138.915,138.862,138.865,337,15,0,False
51,2023-07-18 03:20:00,138.865,138.875,138.823,138.85,285,19,0,False
52,2023-07-18 03:25:00,138.851,138.853,138.816,138.836,258,17,0,False
53,2023-07-18 03:30:00,138.835,138.886,138.765,138.767,427,16,0,False
54,2023-07-18 03:35:00,138.768,138.769,138.659,138.673,422,16,0,False
55,2023-07-18 03:40:00,138.673,138.779,138.669,138.741,462,17,0,False
56,2023-07-18 03:45:00,138.741,138.805,138.701,138.776,332,17,0,False
57,2023-07-18 03:50:00,138.779,138.815,138.717,138.803,767,15,0,False
58,2023-07-18 03:55:00,138.803,138.843,138.763,138.818,499,19,0,False
59,2023-07-18 04:00:00,138.818,138.885,138.771,138.846,499,16,0,False
60,2023-07-18 04:05:00,138.847,138.867,138.825,138.844,415,18,0,False
61,2023-07-18 04:10:00,138.842,138.844,138.761,138.761,337,19,0,False
62,2023-07-18 04:15:00,138.763,138.787,138.693,138.699,441,15,0,False
63,2023-07-18 04:20:00,138.699,138.751,138.683,138.739,483,19,0,False
64,2023-07-18 04:25:00,138.739,138.753,138.708,138.708,356,16,0,False
65,2023-07-18 04:30:00,138.711,138.725,138.608,138.637,588,18,0,False
66,2023-07-18 04:35:00,138.634,138.699,138.599,138.697,496,19,0,False
67,2023-07-18 04:40:00,138.698,138.749,138.698,138.715,515,19,0,False
68,2023-07-18 04:45:00,138.716,138.735,138.679,138.709,373,19,0,False
69,2023-07-18 04:50:00,138.708,138.718,138.622,138.666,331,19,0,False
70,2023-07-18 04:55:00,138.663,138.663,138.599,138.622,366,20,0,False
71,2023-07-18 05:00:00,138.621,138.653,138.578,138.632,534,16,0,False
72,2023-07-18 05:05:00,138.63,138.63,138.575,138.598,414,19,0,False
73,2023-07-18 05:10:00,138.598,138.619,138.537,138.545,472,16,0,False
74,2023-07-18 05:15:00,138.545,138.614,138.541,138.587,376,18,0,False
75,2023-07-18 05:20:00,138.586,138.603,138.553,138.556,297,18,0,False
76,2023-07-18 05:25:00,138.557,138.638,138.545,138.637,246,18,0,False
77,2023-07-18 05:30:00,138.635,138.662,138.611,138.624,342,19,0,False
78,2023-07-18 05:35:00,138.625,138.64,138.593,138.597,327,20,0,False
79,2023-07-18 05:40:00,138.596,138.606,138.559,138.581,361,17,0,False
80,2023-07-18 05:45:00,138.581,138.611,138.562,138.562,253,19,0,False
81,2023-07-18 05:50:00,138.56,138.584,138.541,138.579,303,18,0,False
82,2023-07-18 05:55:00,138.579,138.59,138.549,138.561,318,19,0,False
83,2023-07-18 06:00:00,138.557,138.57,138.513,138.521,336,20,0,True
84,2023-07-18 06:05:00,138.521,138.551,138.506,138.551,324,19,0,True
85,2023-07-18 06:10:00,138.55,138.595,138.545,138.584,268,19,0,True
86,2023-07-18 06:15:00,138.585,138.585,138.557,138.584,315,19,0,True
87,2023-07-18 06:20:00,138.584,138.597,138.565,138.578,238,19,0,True
88,2023-07-18 06:25:00,138.578,138.592,138.56,138.562,222,18,0,True
89,2023-07-18 06:30:00,138.564,138.564,138.511,138.541,257,19,0,True
90,2023-07-18 06:35:00,138.542,138.581,138.537,138.559,229,15,0,True
91,2023-07-18 06:40:00,138.56,138.59,138.554,138.577,208,20,0,True
92,2023-07-18 06:45:00,138.576,138.586,138.56,138.578,236,17,0,True
93,2023-07-18 06:50:00,138.578,138.615,138.578,138.614,227,18,0,True
94,2023-07-18 06:55:00,138.615,138.626,138.576,138.577,231,19,0,True
95,2023-07-18 07:00:00,138.58,138.58,138.544,138.549,251,20,0,True
96,2023-07-18 07:05:00,138.548,138.565,138.522,138.557,262,17,0,True
97,2023-07-18 07:10:00,138.556,138.571,138.532,138.57,152,19,0,True
98,2023-07-18 07:15:00,138.569,138.589,138.565,138.579,197,18,0,True
99,2023-07-18 07:20:00,138.579,138.58,138.529,138.539,212,19,0,True
100,2023-07-18 07:25:00,138.54,138.543,138.463,138.478,309,19,0,True
101,2023-07-18 07:30:00,138.473,138.474,138.409,138.437,311,20,0,True
102,2023-07-18 07:35:00,138.436,138.442,138.378,138.421,284,19,0,True
103,2023-07-18 07:40:00,138.422,138.474,138.419,138.463,260,19,0,True
104,2023-07-18 07:45:00,138.467,138.481,138.457,138.464,248,20,0,True
105,2023-07-18 07:50:00,138.464,138.482,138.457,138.458,292,19,0,True
106,2023-07-18 07:55:00,138.459,138.467,138.438,138.453,362,19,0,True
107,2023-07-18 08:00:00,138.453,138.485,138.428,138.475,218,18,0,True
108,2023-07-18 08:05:00,138.475,138.49,138.445,138.451,260,19,0,True
109,2023-07-18 08:10:00,138.451,138.452,138.384,138.397,269,20,0,True
110,2023-07-18 08:15:00,138.397,138.397,138.308,138.319,399,18,0,True
111,2023-07-18 08:20:00,138.32,138.34,138.309,138.333,219,18,0,True
112,2023-07-18 08:25:00,138.333,138.343,138.31,138.311,176,19,0,True
113,2023-07-18 08:30:00,138.31,138.353,138.31,138.347,327,18,0,True
114,2023-07-18 08:35:00,138.347,138.353,138.318,138.349,302,18,0,True
115,2023-07-18 08:40:00,138.35,138.403,138.339,138.375,227,18,0,True
116,2023-07-18 08:45:00,138.375,138.381,138.336,138.347,251,19,0,True
117,2023-07-18 08:50:00,138.348,138.439,138.333,138.435,257,17,0,True
118,2023-07-18 08:55:00,138.436,138.49,138.424,138.443,469,16,0,True
119,2023-07-18 09:00:00,138.441,138.454,138.379,138.392,494,18,0,True
120,2023-07-18 09:05:00,138.395,138.395,138.33,138.38,487,18,0,True
121,2023-07-18 09:10:00,138.38,138.447,138.374,138.441,519,18,0,True
122,2023-07-18 09:15:00,138.443,138.51,138.418,138.504,586,19,0,True
123,2023-07-18 09:20:00,138.504,138.507,138.439,138.449,529,17,0,True
124,2023-07-18 09:25:00,138.449,138.491,138.443,138.49,367,19,0,True
125,2023-07-18 09:30:00,138.49,138.536,138.463,138.506,388,19,0,True
126,2023-07-18 09:35:00,138.506,138.523,138.47,138.47,290,17,0,True
127,2023-07-18 09:40:00,138.47,138.493,138.445,138.452,296,19,0,True
128,2023-07-18 09:45:00,138.452,138.467,138.36,138.377,472,19,0,True
129,2023-07-18 09:50:00,138.376,138.406,138.344,138.357,328,15,0,True
130,2023-07-18 09:55:00,138.357,138.364,138.289,138.317,528,19,0,True
131,2023-07-18 10:00:00,138.316,138.321,138.241,138.272,806,19,0,True
132,2023-07-18 10:05:00,138.272,138.293,138.233,138.259,645,20,0,True
133,2023-07-18 10:10:00,138.257,138.264,138.2,138.234,651,19,0,True
134,2023-07-18 10:15:00,138.235,138.286,138.213,138.216,547,18,0,True
135,2023-07-18 10:20:00,138.215,138.313,138.212,138.31,437,19,0,True
136,2023-07-18 10:25:00,138.31,138.346,138.29,138.343,409,17,0,True
137,2023-07-18 10:30:00,138.342,138.348,138.236,138.237,571,15,0,True
138,2023-07-18 10:35:00,138.237,138.364,138.223,138.345,588,16,0,True
139,2023-07-18 10:40:00,138.344,138.396,138.307,138.313,535,19,0,True
140,2023-07-18 10:45:00,138.313,138.368,138.297,138.3,634,19,0,True
141,2023-07-18 10:50:00,138.301,138.312,138.193,138.198,1166,19,0,True
142,2023-07-18 10:55:00,138.199,138.238,138.165,138.218,1003,17,0,True
143,2023-07-18 11:00:00,138.218,138.259,138.169,138.19,649,19,0,True
144,2023-07-18 11:05:00,138.19,138.222,138.141,138.145,571,19,0,True
145,2023-07-18 11:10:00,138.142,138.163,138.084,138.135,548,19,0,True
146,2023-07-18 11:15:00,138.136,138.177,138.079,138.106,547,18,0,True
147,2023-07-18 11:20:00,138.106,138.219,138.096,138.176,598,18,0,True
148,2023-07-18 11:25:00,138.175,138.243,138.172,138.224,566,19,0,True
149,2023-07-18 11:30:00,138.224,138.254,138.152,138.198,585,17,0,True
150,2023-07-18 11:35:00,138.199,138.285,138.198,138.277,449,18,0,True
151,2023-07-18 11:40:00,138.277,138.281,138.243,138.25,332,19,0,True
152,2023-07-18 11:45:00,138.247,138.32,138.247,138.267,449,19,0,True
153,2023-07-18 11:50:00,138.266,138.324,138.249,138.282,470,19,0,True
154,2023-07-18 11:55:00,138.283,138.283,138.24,138.256,401,18,0,True
155,2023-07-18 12:00:00,138.257,138.271,138.211,138.23,507,17,0,True
156,2023-07-18 12:05:00,138.23,138.249,138.204,138.233,326,17,0,True
157,2023-07-18 12:10:00,138.232,138.302,138.231,138.294,306,18,0,True
158,2023-07-18 12:15:00,138.296,138.351,138.28,138.329,378,18,0,True
159,2023-07-18 12:20:00,138.328,138.329,138.209,138.214,411,15,0,True
160,2023-07-18 12:25:00,138.213,138.217,138.164,138.2,424,16,0,True
161,2023-07-18 12:30:00,138.199,138.221,138.161,138.22,321,18,0,True
162,2023-07-18 12:35:00,138.219,138.266,138.208,138.255,252,16,0,True
163,2023-07-18 12:40:00,138.256,138.262,138.214,138.238,321,18,0,True
164,2023-07-18 12:45:00,138.238,138.239,138.169,138.184,332,17,0,True
165,2023-07-18 12:50:00,138.184,138.21,138.152,138.16,303,18,0,True
166,2023-07-18 12:55:00,138.16,138.195,138.156,138.184,323,18,0,True
167,2023-07-18 13:00:00,138.184,138.212,138.155,138.181,394,19,0,True
168,2023-07-18 13:05:00,138.181,138.231,138.157,138.221,356,18,0,True
169,2023-07-18 13:10:00,138.222,138.222,138.145,138.159,268,18,0,True
170,2023-07-18 13:15:00,138.158,138.186,138.146,138.178,235,16,0,True
171,2023-07-18 13:20:00,138.177,138.187,138.141,138.166,223,17,0,True
172,2023-07-18 13:25:00,138.166,138.187,138.161,138.175,199,19,0,True
173,2023-07-18 13:30:00,138.18,138.184,138.105,138.105,222,19,0,True
174,2023-07-18 13:35:00,138.104,138.215,138.104,138.165,343,18,0,True
175,2023-07-18 13:40:00,138.165,138.245,138.16,138.245,302,18,0,True
176,2023-07-18 13:45:00,138.245,138.259,138.208,138.242,253,18,0,True
177,2023-07-18 13:50:00,138.241,138.267,138.21,138.266,218,18,0,True
178,2023-07-18 13:55:00,138.267,138.279,138.244,138.26,221,18,0,True
179,2023-07-18 14:00:00,138.261,138.261,138.193,138.224,268,17,0,True
180,2023-07-18 14:05:00,138.226,138.287,138.226,138.276,189,16,0,True
181,2023-07-18 14:10:00,138.275,138.336,138.275,138.308,343,17,0,True
182,2023-07-18 14:15:00,138.31,138.314,138.175,138.232,545,15,0,True
183,2023-07-18 14:20:00,138.23,138.303,138.211,138.297,427,19,0,True
184,2023-07-18 14:25:00,138.296,138.323,138.287,138.296,401,16,0,True
185,2023-07-18 14:30:00,138.295,138.378,138.29,138.362,415,15,0,True
186,2023-07-18 14:35:00,138.361,138.374,138.336,138.361,346,18,0,True
187,2023-07-18 14:40:00,138.358,138.391,138.33,138.379,363,18,0,True
188,2023-07-18 14:45:00,138.376,138.38,138.341,138.35,341,19,0,True
189,2023-07-18 14:50:00,138.35,138.35,138.287,138.292,352,19,0,True
190,2023-07-18 14:55:00,138.291,138.291,138.241,138.269,379,19,0,True
191,2023-07-18 15:00:00,138.268,138.268,138.152,138.152,568,15,0,True
192,2023-07-18 15:05:00,138.151,138.153,138.067,138.067,481,16,0,True
193,2023-07-18 15:10:00,138.067,138.19,138.057,138.147,581,17,0,True
194,2023-07-18 15:15:00,138.147,138.209,138.147,138.197,453,18,0,True
195,2023-07-18 15:20:00,138.198,138.268,138.193,138.198,547,17,0,True
196,2023-07-18 15:25:00,138.199,138.241,138.187,138.196,347,19,0,True
197,2023-07-18 15:30:00,138.177,138.485,137.67,138.425,2091,15,0,True
198,2023-07-18 15:35:00,138.425,138.487,138.271,138.484,1654,16,0,True
199,2023-07-18 15:40:00,138.485,138.616,138.426,138.6,1308,15,0,True
200,2023-07-18 15:45:00,138.603,138.615,138.365,138.387,1100,18,0,True
201,2023-07-18 15:50:00,138.389,138.392,138.103,138.223,1209,15,0,True
202,2023-07-18 15:55:00,138.222,138.224,138.093,138.095,1129,15,0,True
203,2023-07-18 16:00:00,138.094,138.291,138.046,138.219,1092,17,0,True
204,2023-07-18 16:05:00,138.219,138.338,138.193,138.314,809,17,0,True
205,2023-07-18 16:10:00,138.314,138.314,138.134,138.159,659,19,0,True
206,2023-07-18 16:15:00,138.159,138.174,137.945,138.154,1282,17,0,True
207,2023-07-18 16:20:00,138.153,138.234,138.144,138.146,849,17,0,True
208,2023-07-18 16:25:00,138.145,138.256,138.101,138.206,768,16,0,True
209,2023-07-18 16:30:00,138.206,138.327,138.162,138.238,1096,16,0,True
210,2023-07-18 16:35:00,138.237,138.262,137.813,137.854,1310,15,0,True
211,2023-07-18 16:40:00,137.851,138.446,137.804,138.311,1621,15,0,True
212,2023-07-18 16:45:00,138.313,138.738,138.24,138.702,1690,15,0,True
213,2023-07-18 16:50:00,138.702,138.873,138.702,138.799,1264,15,0,True
214,2023-07-18 16:55:00,138.801,138.804,138.551,138.679,1025,15,0,True
215,2023-07-18 17:00:00,138.687,138.85,138.588,138.85,1161,17,0,True
216,2023-07-18 17:05:00,138.856,138.984,138.79,138.832,1264,15,0,True
217,2023-07-18 17:10:00,138.831,138.895,138.708,138.779,1166,16,0,True
218,2023-07-18 17:15:00,138.78,138.788,138.631,138.712,1058,15,0,True
219,2023-07-18 17:20:00,138.713,138.768,138.556,138.665,1040,16,0,True
220,2023-07-18 17:25:00,138.665,138.726,138.646,138.708,824,15,0,True
221,2023-07-18 17:30:00,138.706,138.787,138.633,138.732,879,15,0,True
222,2023-07-18 17:35:00,138.732,138.733,138.53,138.598,815,16,0,True
223,2023-07-18 17:40:00,138.598,138.668,138.542,138.628,848,18,0,True
224,2023-07-18 17:45:00,138.629,138.714,138.545,138.559,736,18,0,True
225,2023-07-18 17:50:00,138.561,138.592,138.494,138.559,786,15,0,True
226,2023-07-18 17:55:00,138.563,138.642,138.553,138.609,647,18,0,True
227,2023-07-18 18:00:00,138.607,138.672,138.59,138.636,595,17,0,False
228,2023-07-18 18:05:00,138.637,138.691,138.578,138.643,490,17,0,False
229,2023-07-18 18:10:00,138.643,138.664,138.566,138.65,510,17,0,False
230,2023-07-18 18:15:00,138.65,138.732,138.646,138.665,492,18,0,False
231,2023-07-18 18:20:00,138.666,138.805,138.666,138.793,549,15,0,False
232,2023-07-18 18:25:00,138.792,138.805,138.759,138.798,514,17,0,False
233,2023-07-18 18:30:00,138.797,138.872,138.793,138.825,372,18,0,False
234,2023-07-18 18:35:00,138.826,138.933,138.816,138.931,483,18,0,False
235,2023-07-18 18:40:00,138.932,138.956,138.859,138.873,413,17,0,False
236,2023-07-18 18:45:00,138.872,138.9,138.869,138.884,335,17,0,False
237,2023-07-18 18:50:00,138.887,138.901,138.841,138.876,244,18,0,False
238,2023-07-18 18:55:00,138.884,138.949,138.884,138.933,439,17,0,False
239,2023-07-18 19:00:00,138.934,138.936,138.902,138.921,320,18,0,False
240,2023-07-18 19:05:00,138.927,138.944,138.846,138.846,302,17,0,False
241,2023-07-18 19:10:00,138.846,138.887,138.84,138.868,231,18,0,False
242,2023-07-18 19:15:00,138.867,138.906,138.835,138.875,287,18,0,False
243,2023-07-18 19:20:00,138.874,138.907,138.855,138.856,277,19,0,False
244,2023-07-18 19:25:00,138.857,138.857,138.812,138.847,282,16,0,False
245,2023-07-18 19:30:00,138.849,138.882,138.825,138.877,281,18,0,False
246,2023-07-18 19:35:00,138.877,138.937,138.873,138.933,248,19,0,False
247,2023-07-18 19:40:00,138.934,138.985,138.931,138.979,282,18,0,False
248,2023-07-18 19:45:00,138.978,139.117,138.978,139.111,529,17,0,False
249,2023-07-18 19:50:00,139.111,139.115,139.051,139.104,322,19,0,False
250,2023-07-18 19:55:00,139.105,139.109,139.074,139.098,385,19,0,False
251,2023-07-18 20:00:00,139.097,139.124,139.084,139.087,271,17,0,False
252,2023-07-18 20:05:00,139.083,139.084,139.009,139.012,247,19,0,False
253,2023-07-18 20:10:00,139.01,139.033,139.0,139.001,285,19,0,False
254,2023-07-18 20:15:00,139.002,139.002,138.989,138.993,150,16,0,False
255,2023-07-18 20:20:00,138.994,138.995,138.923,138.924,249,15,0,False
256,2023-07-18 20:25:00,138.923,138.96,138.904,138.916,238,18,0,False
257,2023-07-18 20:30:00,138.915,138.925,138.894,138.894,273,16,0,False
258,2023-07-18 20:35:00,138.895,138.922,138.879,138.887,229,19,0,False
259,2023-07-18 20:40:00,138.888,138.926,138.881,138.921,184,19,0,False
260,2023-07-18 20:45:00,138.92,138.921,138.862,138.877,194,21,0,False
261,2023-07-18 20:50:00,138.878,138.934,138.878,138.923,186,18,0,False
262,2023-07-18 20:55:00,138.922,138.923,138.87,138.886,195,20,0,False
263,2023-07-18 21:00:00,138.885,138.935,138.885,138.921,293,19,0,False
264,2023-07-18 21:05:00,138.922,138.926,138.884,138.904,263,21,0,False
265,2023-07-18 21:10:00,138.905,138.906,138.845,138.849,208,18,0,False
266,2023-07-18 21:15:00,138.848,138.849,138.813,138.826,222,16,0,False
267,2023-07-18 21:20:00,138.826,138.84,138.822,138.832,172,21,0,False
268,2023-07-18 21:25:00,138.832,138.855,138.814,138.84,219,17,0,False
269,2023-07-18 21:30:00,138.838,138.849,138.829,138.84,148,18,0,False
270,2023-07-18 21:35:00,138.839,138.861,138.837,138.843,210,20,0,False
271,2023-07-18 21:40:00,138.843,138.843,138.806,138.809,237,20,0,False
272,2023-07-18 21:45:00,138.81,138.837,138.782,138.794,311,19,0,False
273,2023-07-18 21:50:00,138.795,138.795,138.753,138.782,214,21,0,False
274,2023-07-18 21:55:00,138.782,138.851,138.775,138.826,243,18,0,False
275,2023-07-18 22:00:00,138.826,138.925,138.822,138.922,263,20,0,False
276,2023-07-18 22:05:00,138.924,138.953,138.923,138.94,314,22,0,False
277,2023-07-18 22:10:00,138.941,138.991,138.93,138.99,358,19,0,False
278,2023-07-18 22:15:00,138.991,139.0,138.961,138.991,342,22,0,False
279,2023-07-18 22:20:00,138.992,139.006,138.978,139.001,286,22,0,False
280,2023-07-18 22:25:00,139.001,139.011,138.983,138.988,386,20,0,False
281,2023-07-18 22:30:00,138.985,138.998,138.972,138.98,284,22,0,False
282,2023-07-18 22:35:00,138.979,138.991,138.959,138.961,290,22,0,False
283,2023-07-18 22:40:00,138.959,138.969,138.954,138.962,293,20,0,False
284,2023-07-18 22:45:00,138.962,138.963,138.923,138.951,223,20,0,False
285,2023-07-18 22:50:00,138.952,138.957,138.931,138.934,167,23,0,False
286,2023-07-18 22:55:00,138.934,138.934,138.915,138.923,317,20,0,False
287,2023-07-18 23:00:00,138.92,138.92,138.881,138.9,248,19,0,False
288,2023-07-18 23:05:00,138.901,138.908,138.873,138.894,217,19,0,False
289,2023-07-18 23:10:00,138.893,138.897,138.89,138.894,121,23,0,False
290,2023-07-18 23:15:00,138.895,138.895,138.883,138.884,105,21,0,False
291,2023-07-18 23:20:00,138.883,138.883,138.845,138.862,121,16,0,False
292,2023-07-18 23:25:00,138.863,138.865,138.816,138.816,221,19,0,False
293,2023-07-18 23:30:00,138.82,138.847,138.781,138.805,205,20,0,False
294,2023-07-18 23:35:00,138.804,138.826,138.786,138.825,141,25,0,False
295,2023-07-18 23:40:00,138.824,138.857,138.823,138.825,208,27,0,False
296,2023-07-18 23:45:00,138.826,138.828,138.803,138.825,300,23,0,False
297,2023-07-18 23:50:00,138.827,138.842,138.826,138.834,84,20,0,False
298,2023-07-18 23:55:00,138.834,138.839,138.807,138.821,218,19,0,False
299,2023-07-19 00:00:00,138.815,138.817,138.773,138.817,6,37,0,False
