index,close
0,1.25356
1,1.25147
2,1.24823
3,1.24582
4,1.24649
5,1.24786
6,1.24891
7,1.24899
8,1.24947
9,1.24931
10,1.24943
11,1.24886
12,1.24955
13,1.24954
14,1.2503
15,1.25053
16,1.25019
17,1.2511
18,1.25095
19,1.25171
20,1.2517
21,1.2558
22,1.25501
23,1.25564
24,1.25415
25,1.25367
26,1.2532
27,1.25384
28,1.25343
29,1.25308
30,1.2534
31,1.25338
32,1.25331
33,1.2530999999999999
34,1.25281
35,1.25319
36,1.2541
37,1.25321
38,1.25259
39,1.25351
40,1.25379
41,1.2545
42,1.25379
43,1.25318
44,1.2558799999999999
45,1.2548599999999999
46,1.25633
47,1.25677
48,1.25739
49,1.2576800000000001
50,1.25976
51,1.26122
52,1.25991
53,1.2607300000000001
54,1.26088
55,1.26083
56,1.26062
57,1.25946
58,1.26019
59,1.2598799999999999
60,1.25937
61,1.2603
62,1.25982
63,1.26048
64,1.26063
65,1.26105
66,1.26163
67,1.26169
68,1.26078
69,1.2606899999999999
