,Close
0,1.08388
1,1.08379
2,1.08376
3,1.08367
4,1.08363
5,1.08365
6,1.08365
7,1.08362
8,1.08363
9,1.08371
10,1.08353
11,1.08374
12,1.08374
13,1.08376
14,1.08382
15,1.08379
16,1.08386
17,1.08391
18,1.08387
19,1.08387
20,1.08388
21,1.08388
22,1.08387
23,1.08398
24,1.08398
25,1.0841
26,1.08404
27,1.08394
28,1.08394
29,1.08405
30,1.08405
31,1.08404
32,1.08399
33,1.08395
34,1.08375
35,1.08365
36,1.08371
37,1.08369
38,1.08369
39,1.08365
40,1.08345
41,1.08346
42,1.08355
43,1.08351
44,1.08364
45,1.0837
46,1.08369
47,1.08379
48,1.08367
49,1.0837
50,1.08343
51,1.08359
52,1.08369
53,1.08379
54,1.0837
55,1.08389
56,1.08404
57,1.08418
58,1.08412
59,1.08387
60,1.08384
61,1.08405
62,1.08416
63,1.08447
64,1.08458
65,1.08398
66,1.08407
67,1.08409
68,1.08431
69,1.08426
70,1.08442
71,1.08456
72,1.08439
73,1.0845
74,1.08453
75,1.08458
76,1.08439
77,1.08436
78,1.08438
79,1.08446
80,1.08452
81,1.08459
82,1.08454
83,1.08452
84,1.08455
85,1.08438
86,1.08423
87,1.08412
88,1.08408
89,1.08399
90,1.0839
91,1.08383
92,1.08373
93,1.08382
94,1.08389
95,1.08362
96,1.08357
97,1.08356
98,1.08368
99,1.08363
100,1.08368
101,1.08372
102,1.08352
103,1.08342
104,1.08327
105,1.08335
106,1.08322
107,1.08324
108,1.08312
109,1.08308
110,1.08313
111,1.08314
112,1.08309
113,1.08342
114,1.08328
115,1.08307
116,1.08296
117,1.0828
118,1.08294
119,1.08327
120,1.08272
121,1.08254
122,1.08272
123,1.08322
124,1.08317
125,1.08311
126,1.08306
127,1.08299
128,1.08282
129,1.08239
130,1.0825
131,1.08277
132,1.08267
133,1.08271
134,1.08212
135,1.08202
136,1.08202
137,1.08207
138,1.08222
139,1.08227
140,1.08239
141,1.08207
142,1.08154
143,1.08173
144,1.08184
145,1.08157
146,1.08155
147,1.08173
148,1.08175
149,1.08137
150,1.08144
151,1.08189
152,1.0815
153,1.08144
154,1.08157
155,1.08143
156,1.08177
157,1.08158
158,1.08119
159,1.08098
160,1.08071
161,1.08144
162,1.08153
163,1.08164
164,1.08162
165,1.08189
166,1.08174
167,1.08155
168,1.08146
169,1.08123
170,1.08092
171,1.08094
172,1.08079
173,1.08075
174,1.08069
175,1.08074
176,1.0813
177,1.0815
178,1.08144
179,1.08128
180,1.08108
181,1.08129
182,1.08119
183,1.08112
184,1.08101
185,1.08118
186,1.08142
187,1.08157
188,1.08144
189,1.08127
190,1.08142
191,1.08122
192,1.08122
193,1.08165
194,1.08127
195,1.08104
196,1.08106
197,1.0793
198,1.07896
199,1.07957
200,1.07852
201,1.07904
202,1.07893
203,1.07875
204,1.07939
205,1.07866
206,1.07887
207,1.07894
208,1.07866
209,1.07853
210,1.0783
211,1.07827
212,1.07803
213,1.07808
214,1.0777
215,1.07763
216,1.07799
217,1.07803
218,1.07814
219,1.07808
220,1.07836
221,1.07823
222,1.07742
223,1.07712
224,1.07703
225,1.07673
226,1.07684
227,1.0769
228,1.07647
229,1.07662
230,1.07674
231,1.07674
232,1.07721
233,1.07699
234,1.07718
235,1.07726
236,1.07772
237,1.0776
238,1.07745
239,1.07796
240,1.07764
241,1.07705
242,1.07693
243,1.07689
244,1.0766
245,1.07652
246,1.07652
247,1.07648
248,1.07642
249,1.07628
250,1.07622
251,1.07621
252,1.07625
253,1.07618
254,1.07632
255,1.07632
256,1.07653
257,1.07642
258,1.07628
259,1.07638
260,1.07645
261,1.07646
262,1.07658
263,1.07669
264,1.07648
265,1.0765
266,1.07643
267,1.07654
268,1.0767
269,1.07669
270,1.07649
271,1.07637
272,1.07654
273,1.07647
274,1.0766
275,1.07653
276,1.07661
277,1.07653
278,1.0767
279,1.07667
280,1.07675
281,1.07702
282,1.07717
283,1.0773
284,1.07715
285,1.07705
286,1.0773
287,1.0772
288,1.07729
289,1.07735
290,1.07737
291,1.07724
292,1.07705
293,1.07718
294,1.07722
295,1.07717
296,1.07704
297,1.077
298,1.07686
299,1.07665
