,Unnamed: 0,Time,Open,High,Low,Close,tick_volume,spread,real_volume,session,ema_20,sma_20,sma_200,BullishCross,hammer,ma_20,piercingpattern,threesoliders,engulfing,three_inside,three_outside,three_line_strike,sticksandwish,darkcloudcover,BearishCross,eveningstar,eveningdojistar,gravestonedoji,invertedhammer,hangingman
0,0,2023-05-17 23:05:00,1.08388,1.08391,1.08386,1.08388,76,16,0,False,,,,False,0,,0,0,0,0,0,0,0,0,False,0,0,0,0,0
1,1,2023-05-17 23:10:00,1.08387,1.0839,1.08378,1.08379,72,16,0,False,,,,False,0,,0,0,0,0,0,0,0,0,False,0,0,0,0,0
2,2,2023-05-17 23:15:00,1.0838,1.0838,1.08366,1.08376,41,17,0,False,,,,False,0,,0,0,0,0,0,0,0,0,False,0,0,0,0,0
3,3,2023-05-17 23:20:00,1.08377,1.08378,1.08366,1.08367,35,16,0,False,,,,False,0,,0,0,0,0,0,0,0,0,False,0,0,0,0,0
4,4,2023-05-17 23:25:00,1.08368,1.08368,1.08361,1.08363,29,18,0,False,,,,False,0,,0,0,0,0,0,0,0,0,False,0,0,0,0,0
5,5,2023-05-17 23:30:00,1.08362,1.08367,1.08361,1.08365,28,17,0,False,,,,False,0,,0,0,0,0,0,0,0,0,False,0,0,0,0,0
6,6,2023-05-17 23:35:00,1.08363,1.0837,1.08363,1.08365,27,17,0,False,,,,False,0,,0,0,0,0,0,0,0,0,False,0,0,0,0,0
7,7,2023-05-17 23:40:00,1.08364,1.08365,1.08359,1.08362,29,17,0,False,,,,False,0,,0,0,0,0,0,0,0,0,False,0,0,0,0,0
8,8,2023-05-17 23:45:00,1.08361,1.08363,1.08361,1.08363,13,17,0,False,,,,False,0,,0,0,0,0,0,0,0,0,False,0,0,0,0,0
9,9,2023-05-17 23:50:00,1.08363,1.08372,1.08361,1.08371,95,17,0,False,,,,False,0,,0,0,0,0,0,0,0,0,False,0,0,0,0,0
10,10,2023-05-17 23:55:00,1.08368,1.0838,1.08353,1.08353,148,17,0,False,,,,False,0,,0,0,0,0,0,0,0,0,False,0,0,0,0,0
11,11,2023-05-18 00:00:00,1.08373,1.08374,1.08362,1.08374,9,52,0,False,,,,False,0,,0,0,0,0,0,0,0,0,False,0,0,0,0,0
12,12,2023-05-18 00:05:00,1.08374,1.08374,1.08374,1.08374,5,39,0,False,,,,False,0,,0,0,0,0,0,0,0,0,False,0,0,0,0,0
13,13,2023-05-18 00:10:00,1.08364,1.08378,1.08363,1.08376,16,39,0,False,,,,False,0,,0,0,0,0,0,0,0,0,False,0,0,0,0,0
14,14,2023-05-18 00:15:00,1.08374,1.08385,1.08374,1.08382,22,44,0,False,,,,False,0,,0,0,0,0,0,0,0,0,False,0,0,0,0,0
15,15,2023-05-18 00:20:00,1.08382,1.08382,1.08376,1.08379,5,45,0,False,,,,False,0,,0,0,0,0,0,0,0,0,False,0,0,0,0,0
16,16,2023-05-18 00:25:00,1.0838,1.08391,1.08373,1.08386,21,41,0,False,,,,False,0,,0,0,0,0,0,0,0,0,False,0,0,0,0,0
17,17,2023-05-18 00:30:00,1.08386,1.08442,1.08383,1.08391,55,23,0,False,,,,False,0,,0,0,0,0,0,0,0,0,False,0,0,0,0,0
18,18,2023-05-18 00:35:00,1.08398,1.08398,1.08386,1.08387,18,41,0,False,,,,False,0,,0,0,0,0,0,0,0,0,False,0,0,0,0,0
19,19,2023-05-18 00:40:00,1.08389,1.08397,1.08386,1.08387,27,36,0,False,1.0837440000000003,1.0837440000000003,,False,0,1.0837440000000003,0,0,0,0,0,0,0,0,False,0,0,0,0,0
20,20,2023-05-18 00:45:00,1.08388,1.08388,1.08387,1.08388,6,45,0,False,1.0837569523809527,1.0837440000000003,,False,100,1.0837440000000003,0,0,0,0,0,0,0,0,False,0,0,0,0,0
21,21,2023-05-18 00:50:00,1.08387,1.08389,1.08387,1.08388,6,44,0,False,1.0837686712018144,1.0837485000000002,,False,0,1.0837485000000002,0,0,0,0,0,0,0,0,False,0,0,0,0,0
22,22,2023-05-18 00:55:00,1.08391,1.08391,1.0838,1.08387,14,31,0,False,1.0837783215635464,1.0837540000000003,,False,100,1.0837540000000003,0,0,0,0,0,0,0,0,False,0,0,0,0,0
23,23,2023-05-18 01:00:00,1.08387,1.084,1.08386,1.08398,71,20,0,False,1.0837975290336848,1.0837695000000003,,False,0,1.0837695000000003,0,0,0,0,0,0,0,0,False,0,0,0,0,0
24,24,2023-05-18 01:05:00,1.08397,1.08406,1.08385,1.08398,73,20,0,False,1.0838149072209529,1.0837870000000003,,False,0,1.0837870000000003,0,0,0,0,0,0,0,0,False,0,0,0,0,0
25,25,2023-05-18 01:10:00,1.08399,1.08416,1.08398,1.0841,54,20,0,False,1.0838420589141955,1.0838095000000003,,False,0,1.0838095000000003,0,0,0,0,0,0,0,0,False,0,0,0,0,0
26,26,2023-05-18 01:15:00,1.08411,1.08412,1.08402,1.08404,28,19,0,False,1.083860910446177,1.0838290000000004,,False,0,1.0838290000000004,0,0,0,0,0,0,0,0,False,0,0,0,0,0
27,27,2023-05-18 01:20:00,1.08404,1.08404,1.08389,1.08394,65,18,0,False,1.0838684427846363,1.0838450000000004,,False,0,1.0838450000000004,0,0,0,0,0,0,0,0,False,0,0,0,0,0
28,28,2023-05-18 01:25:00,1.08396,1.08397,1.08393,1.08394,46,18,0,False,1.0838752577575281,1.0838605000000003,,False,0,1.0838605000000003,0,0,0,0,0,0,0,0,False,0,0,0,0,0
29,29,2023-05-18 01:30:00,1.08395,1.08406,1.08395,1.08405,47,18,0,False,1.0838918998758589,1.0838775000000003,,False,0,1.0838775000000003,0,0,0,0,0,0,0,0,False,0,0,0,0,0
30,30,2023-05-18 01:35:00,1.08404,1.08409,1.08398,1.08405,63,19,0,False,1.083906957030539,1.0839035000000004,,False,0,1.0839035000000004,0,0,0,0,0,0,0,0,False,0,0,0,0,0
31,31,2023-05-18 01:40:00,1.08405,1.08409,1.08403,1.08404,37,18,0,False,1.0839196277895353,1.0839185000000005,,False,0,1.0839185000000005,0,0,0,0,0,0,0,0,False,0,0,100,0,0
32,32,2023-05-18 01:45:00,1.08403,1.08404,1.08394,1.08399,24,18,0,False,1.0839263299048176,1.0839310000000004,,False,100,1.0839310000000004,0,0,0,0,0,0,0,0,False,0,0,0,0,0
33,33,2023-05-18 01:50:00,1.08399,1.08399,1.08394,1.08395,23,19,0,False,1.083928584199597,1.0839405000000004,,False,0,1.0839405000000004,0,0,0,0,0,0,0,0,False,0,0,0,0,0
34,34,2023-05-18 01:55:00,1.08395,1.08395,1.08372,1.08375,44,17,0,False,1.0839115761805878,1.0839370000000004,,False,0,1.0839370000000004,0,0,0,0,0,0,0,0,False,0,0,0,0,0
35,35,2023-05-18 02:00:00,1.08375,1.08375,1.08362,1.08365,53,16,0,False,1.0838866641633889,1.0839300000000003,,False,0,1.0839300000000003,0,0,0,0,0,0,0,0,False,0,0,0,0,0
36,36,2023-05-18 02:05:00,1.08364,1.08373,1.08363,1.08371,16,16,0,False,1.0838698390049708,1.0839225000000003,,False,0,1.0839225000000003,0,0,0,0,0,0,0,0,False,0,0,0,0,0
37,37,2023-05-18 02:10:00,1.08371,1.08372,1.08365,1.08369,31,17,0,False,1.083852711480688,1.0839115000000004,,False,0,1.0839115000000004,0,0,0,0,0,0,0,0,False,0,0,0,0,0
38,38,2023-05-18 02:15:00,1.0837,1.08373,1.08365,1.08369,34,18,0,False,1.083837215149194,1.0839025000000002,,False,0,1.0839025000000002,0,0,0,0,0,0,0,0,False,0,0,0,0,0
39,39,2023-05-18 02:20:00,1.08367,1.08373,1.08363,1.08365,49,17,0,False,1.083819385134985,1.0838915000000002,,False,0,1.0838915000000002,0,0,0,0,0,0,0,0,False,0,0,0,0,0
40,40,2023-05-18 02:25:00,1.08365,1.08367,1.08345,1.08345,49,16,0,False,1.0837842055983198,1.0838700000000001,,False,0,1.0838700000000001,0,0,0,0,0,0,0,0,False,0,0,0,0,0
41,41,2023-05-18 02:30:00,1.08344,1.08348,1.08339,1.08346,35,16,0,False,1.0837533288746704,1.083849,,False,0,1.083849,0,0,0,0,0,0,0,0,False,0,0,0,0,0
42,42,2023-05-18 02:35:00,1.08352,1.08356,1.08349,1.08355,28,16,0,False,1.08373396421994,1.0838329999999998,,False,0,1.0838329999999998,0,0,0,0,0,0,0,0,False,0,0,0,0,0
43,43,2023-05-18 02:40:00,1.08355,1.08355,1.08347,1.08351,47,17,0,False,1.0837126342942314,1.0838094999999999,,False,0,1.0838094999999999,0,0,0,0,0,0,0,0,False,0,0,0,0,0
44,44,2023-05-18 02:45:00,1.08351,1.08365,1.08348,1.08364,26,17,0,False,1.0837057167423998,1.0837925,,False,0,1.0837925,0,0,0,0,0,0,0,0,False,0,0,0,0,0
45,45,2023-05-18 02:50:00,1.08365,1.08376,1.08364,1.0837,35,17,0,False,1.0837051722907427,1.0837724999999998,,False,0,1.0837724999999998,0,0,0,0,0,0,0,0,False,0,0,0,0,0
46,46,2023-05-18 02:55:00,1.0837,1.0837,1.08365,1.08369,36,17,0,False,1.083703727310672,1.0837549999999998,,False,0,1.0837549999999998,0,0,0,0,0,0,0,0,False,0,0,0,0,0
47,47,2023-05-18 03:00:00,1.08369,1.08379,1.08358,1.08379,109,16,0,False,1.0837119437572746,1.0837474999999999,,False,0,1.0837474999999999,0,0,0,0,0,0,0,0,False,0,0,0,0,0
48,48,2023-05-18 03:05:00,1.0838,1.08381,1.08365,1.08367,53,16,0,False,1.0837079491137247,1.0837340000000002,,False,0,1.0837340000000002,0,0,-100,0,0,0,0,0,False,0,0,0,0,0
49,49,2023-05-18 03:10:00,1.08368,1.08374,1.08367,1.0837,46,16,0,False,1.0837071920552748,1.0837165,,False,0,1.0837165,0,0,0,0,0,0,0,0,False,0,0,0,0,0
50,50,2023-05-18 03:15:00,1.08371,1.08371,1.0834,1.08343,98,16,0,False,1.0836807928119152,1.0836855,,False,0,1.0836855,0,0,-100,0,0,0,0,0,False,0,0,0,0,0
51,51,2023-05-18 03:20:00,1.08344,1.08362,1.0834,1.08359,104,16,0,False,1.0836721458774472,1.083663,,False,0,1.083663,0,0,0,0,0,0,0,0,False,0,0,0,0,0
52,52,2023-05-18 03:25:00,1.0836,1.08377,1.0836,1.08369,111,17,0,False,1.0836738462700712,1.083648,,False,0,1.083648,0,0,0,0,0,0,0,0,False,0,0,0,0,0
53,53,2023-05-18 03:30:00,1.08371,1.08381,1.08363,1.08379,162,16,0,False,1.0836849085300644,1.08364,,False,0,1.08364,0,0,0,0,0,0,0,0,False,0,0,0,0,0
54,54,2023-05-18 03:35:00,1.0838,1.0838,1.08366,1.0837,151,17,0,False,1.0836863458129153,1.0836375,,False,0,1.0836375,0,0,-100,0,0,0,0,0,False,0,0,0,0,0
55,55,2023-05-18 03:40:00,1.08372,1.08391,1.0837,1.08389,131,17,0,False,1.0837057414497806,1.0836495000000002,,False,0,1.0836495000000002,0,0,0,0,0,0,0,0,False,0,0,0,0,0
56,56,2023-05-18 03:45:00,1.08387,1.08408,1.08387,1.08404,111,17,0,False,1.0837375755974206,1.0836660000000002,,False,0,1.0836660000000002,0,0,0,0,0,0,0,0,False,0,0,0,0,0
57,57,2023-05-18 03:50:00,1.08404,1.08421,1.084,1.08418,151,16,0,False,1.083779711254809,1.0836905000000001,,False,0,1.0836905000000001,0,0,0,0,0,0,0,0,False,0,0,0,0,0
58,58,2023-05-18 03:55:00,1.08422,1.08424,1.08401,1.08412,148,16,0,False,1.083812119706732,1.083712,,False,0,1.083712,0,0,0,0,0,0,0,-100,False,0,0,0,0,0
59,59,2023-05-18 04:00:00,1.08411,1.08411,1.08386,1.08387,211,16,0,False,1.0838176321156148,1.0837230000000002,,False,0,1.0837230000000002,0,0,0,0,0,0,0,0,False,0,0,0,0,0
60,60,2023-05-18 04:05:00,1.08383,1.08388,1.0837,1.08384,93,16,0,False,1.083819762390318,1.0837425,,False,0,1.0837425,0,0,0,0,0,0,0,0,False,0,0,0,0,0
61,61,2023-05-18 04:10:00,1.08383,1.08405,1.08382,1.08405,162,17,0,False,1.0838416897817162,1.0837720000000002,,False,0,1.0837720000000002,0,0,0,0,0,0,0,0,False,0,0,0,0,0
62,62,2023-05-18 04:15:00,1.08402,1.08422,1.08401,1.08416,121,16,0,False,1.0838720050406003,1.0838025000000004,,False,0,1.0838025000000004,0,0,0,0,0,0,0,0,False,0,0,0,0,0
63,63,2023-05-18 04:20:00,1.08417,1.08447,1.08417,1.08447,127,16,0,False,1.0839289569414956,1.0838505000000003,,False,0,1.0838505000000003,0,0,0,0,0,0,0,0,False,0,0,0,0,0
64,64,2023-05-18 04:25:00,1.08448,1.0847,1.08447,1.08458,109,16,0,False,1.0839909610423055,1.0838975000000004,,False,0,1.0838975000000004,0,0,0,0,0,0,0,0,False,0,0,0,0,0
65,65,2023-05-18 04:30:00,1.08457,1.08457,1.08397,1.08398,350,16,0,False,1.0839899171335146,1.0839115000000004,,False,0,1.0839115000000004,0,0,0,0,0,0,0,0,False,-100,0,0,0,0
66,66,2023-05-18 04:35:00,1.084,1.08423,1.08396,1.08407,226,17,0,False,1.08399754407318,1.0839305000000004,,False,0,1.0839305000000004,0,0,0,0,0,0,0,0,False,0,0,0,0,0
67,67,2023-05-18 04:40:00,1.08408,1.08423,1.08406,1.08409,258,17,0,False,1.0840063493995438,1.0839455000000002,,False,0,1.0839455000000002,0,0,0,0,0,0,0,0,False,0,0,100,0,0
68,68,2023-05-18 04:45:00,1.08409,1.08436,1.08409,1.08431,144,17,0,False,1.084035268504349,1.0839775,,False,0,1.0839775,0,0,0,0,0,0,0,0,False,0,0,0,0,0
69,69,2023-05-18 04:50:00,1.08427,1.08429,1.08419,1.08426,170,17,0,False,1.0840566715039348,1.0840055000000002,,False,0,1.0840055000000002,0,0,0,0,0,0,0,0,False,0,0,0,0,0
70,70,2023-05-18 04:55:00,1.08423,1.08448,1.08418,1.08442,207,17,0,False,1.0840912742178457,1.0840550000000002,,False,0,1.0840550000000002,0,0,100,0,0,0,0,0,False,0,0,0,0,0
71,71,2023-05-18 05:00:00,1.08443,1.08461,1.08441,1.08456,152,16,0,False,1.084135914768527,1.0841035,,False,0,1.0841035,0,0,0,0,100,0,0,0,False,0,0,0,0,0
72,72,2023-05-18 05:05:00,1.08456,1.08458,1.08429,1.08439,162,17,0,False,1.0841601133620007,1.0841385000000001,,False,0,1.0841385000000001,0,0,0,0,0,0,0,0,False,0,0,0,0,0
73,73,2023-05-18 05:10:00,1.08438,1.0845,1.08428,1.0845,140,16,0,False,1.0841924835180006,1.084174,,False,0,1.084174,0,0,0,0,0,0,0,0,False,0,0,0,0,0
74,74,2023-05-18 05:15:00,1.08452,1.08453,1.08447,1.08453,94,16,0,False,1.0842246279448577,1.0842155,,False,0,1.0842155,0,0,0,0,0,0,0,0,False,0,0,0,0,0
75,75,2023-05-18 05:20:00,1.08452,1.08471,1.08448,1.08458,66,16,0,False,1.0842584729024904,1.08425,,False,0,1.08425,0,0,0,0,0,0,0,0,False,0,0,0,0,0
76,76,2023-05-18 05:25:00,1.08458,1.08458,1.08432,1.08439,76,16,0,False,1.0842709992927295,1.0842675,,False,0,1.0842675,0,0,0,0,0,0,0,0,False,0,0,0,0,0
77,77,2023-05-18 05:30:00,1.08439,1.08443,1.0843,1.08436,108,17,0,False,1.0842794755505647,1.0842765,,False,0,1.0842765,0,0,0,0,0,0,0,0,False,0,0,0,0,0
78,78,2023-05-18 05:35:00,1.08436,1.08444,1.08431,1.08438,68,16,0,False,1.0842890493076538,1.0842895000000001,,False,0,1.0842895000000001,0,0,0,0,0,0,0,0,False,0,0,0,0,0
79,79,2023-05-18 05:40:00,1.08439,1.08448,1.08433,1.08446,72,17,0,False,1.0843053303259724,1.084319,,False,0,1.084319,0,0,0,0,0,0,0,0,False,0,0,0,0,0
80,80,2023-05-18 05:45:00,1.08444,1.08454,1.08441,1.08452,77,16,0,False,1.0843257750568323,1.0843530000000001,,False,0,1.0843530000000001,0,0,0,0,0,0,0,0,False,0,0,0,0,0
81,81,2023-05-18 05:50:00,1.08453,1.08464,1.08447,1.08459,84,17,0,False,1.084350939337134,1.08438,,False,0,1.08438,0,0,0,0,0,0,0,0,False,0,0,0,0,0
82,82,2023-05-18 05:55:00,1.08458,1.08459,1.08452,1.08454,61,17,0,False,1.0843689451145497,1.084399,,False,0,1.084399,0,0,0,0,0,0,0,0,False,0,0,0,0,0
83,83,2023-05-18 06:00:00,1.08454,1.08464,1.08451,1.08452,78,16,0,True,1.0843833312941165,1.0844015,,False,0,1.0844015,0,0,0,0,0,0,0,0,False,0,0,0,0,0
84,84,2023-05-18 06:05:00,1.08453,1.08462,1.08452,1.08455,95,16,0,True,1.0843992045042006,1.0844,,False,0,1.0844,0,0,0,0,0,0,0,0,False,0,0,0,0,0
85,85,2023-05-18 06:10:00,1.08455,1.08458,1.08435,1.08438,85,17,0,True,1.0843973755038006,1.0844200000000002,,False,0,1.0844200000000002,0,0,0,0,0,0,0,0,False,0,0,0,0,0
86,86,2023-05-18 06:15:00,1.08439,1.08439,1.08421,1.08423,57,17,0,True,1.084381434979629,1.0844280000000002,,False,0,1.0844280000000002,0,0,0,0,0,0,0,0,False,0,0,0,0,0
87,87,2023-05-18 06:20:00,1.08422,1.08422,1.08402,1.08412,43,17,0,True,1.0843565364101406,1.0844295000000002,,False,0,1.0844295000000002,0,0,0,0,0,0,0,0,False,0,0,0,0,0
88,88,2023-05-18 06:25:00,1.08412,1.08413,1.08401,1.08408,67,17,0,True,1.0843301996091748,1.084418,,False,0,1.084418,0,0,0,0,0,0,0,0,False,0,0,0,0,0
89,89,2023-05-18 06:30:00,1.08406,1.08413,1.08399,1.08399,53,16,0,True,1.0842977996463963,1.0844045000000002,,False,0,1.0844045000000002,0,0,0,0,0,0,0,0,False,0,0,0,0,0
90,90,2023-05-18 06:35:00,1.08401,1.0841,1.08379,1.0839,83,16,0,True,1.0842599139657871,1.0843785000000001,,False,0,1.0843785000000001,0,0,0,0,0,0,0,0,False,0,0,0,0,0
91,91,2023-05-18 06:40:00,1.0839,1.08395,1.08382,1.08383,35,16,0,True,1.0842189697785694,1.084342,,False,0,1.084342,0,0,0,0,0,0,0,0,False,0,0,0,0,0
92,92,2023-05-18 06:45:00,1.08384,1.08384,1.08372,1.08373,76,16,0,True,1.0841724012282294,1.084309,,False,0,1.084309,0,0,0,0,0,0,0,0,False,0,0,0,0,0
93,93,2023-05-18 06:50:00,1.08373,1.08391,1.08367,1.08382,94,17,0,True,1.0841388392064932,1.084275,,False,0,1.084275,0,0,0,0,0,0,0,0,False,0,0,0,0,0
94,94,2023-05-18 06:55:00,1.08382,1.08396,1.08378,1.08389,40,18,0,True,1.0841151402344462,1.084243,,False,0,1.084243,0,0,0,0,0,0,0,0,False,0,0,0,0,0
95,95,2023-05-18 07:00:00,1.08392,1.08396,1.08362,1.08362,104,16,0,True,1.0840679840216418,1.084195,,False,0,1.084195,0,0,-100,0,0,0,0,0,False,0,0,0,0,0
96,96,2023-05-18 07:05:00,1.0836,1.0836,1.08343,1.08357,102,16,0,True,1.0840205569719616,1.0841540000000003,,False,100,1.0841540000000003,0,0,0,0,-100,0,0,0,False,0,0,0,0,0
97,97,2023-05-18 07:10:00,1.08356,1.08358,1.08345,1.08356,80,16,0,True,1.0839766944032034,1.084114,,False,0,1.084114,0,0,0,0,0,0,0,0,False,0,0,0,0,0
98,98,2023-05-18 07:15:00,1.08356,1.08378,1.08356,1.08368,78,17,0,True,1.0839484377933746,1.0840790000000002,,False,0,1.0840790000000002,0,0,0,0,0,0,0,0,False,0,0,0,0,0
99,99,2023-05-18 07:20:00,1.08367,1.08368,1.08358,1.08363,55,18,0,True,1.0839181103844817,1.0840375000000002,,False,0,1.0840375000000002,0,0,0,0,0,0,0,0,False,0,0,0,0,0
100,100,2023-05-18 07:25:00,1.08363,1.08382,1.08362,1.08368,59,16,0,True,1.0838954332050073,1.0839955000000001,,False,0,1.0839955000000001,0,0,0,0,0,0,0,0,False,0,0,0,0,0
101,101,2023-05-18 07:30:00,1.08372,1.08375,1.08368,1.08372,42,18,0,True,1.083878725280721,1.0839520000000002,,False,0,1.0839520000000002,0,0,0,0,0,0,0,0,False,0,0,0,0,0
102,102,2023-05-18 07:35:00,1.08373,1.08373,1.0835,1.08352,58,16,0,True,1.0838445609682714,1.0839010000000002,,False,0,1.0839010000000002,0,0,-100,0,0,0,0,0,False,0,0,0,0,0
103,103,2023-05-18 07:40:00,1.08352,1.08352,1.08337,1.08342,52,16,0,True,1.0838041265903409,1.083846,,False,0,1.083846,0,0,0,0,-100,0,0,0,False,0,0,0,0,0
104,104,2023-05-18 07:45:00,1.08342,1.08345,1.0832,1.08327,69,17,0,True,1.0837532573912607,1.083782,,False,0,1.083782,0,0,0,0,0,0,0,0,False,0,0,0,0,0
105,105,2023-05-18 07:50:00,1.08328,1.08336,1.08318,1.08335,46,17,0,True,1.0837148519254263,1.0837305000000002,,False,0,1.0837305000000002,0,0,0,0,0,0,0,0,False,0,0,0,0,0
106,106,2023-05-18 07:55:00,1.08334,1.08334,1.08318,1.08322,83,17,0,True,1.0836677231706238,1.08368,,False,0,1.08368,0,0,0,0,0,0,0,0,False,0,0,0,0,0
107,107,2023-05-18 08:00:00,1.08322,1.08331,1.08311,1.08324,156,16,0,True,1.0836269876305644,1.083636,,False,0,1.083636,0,0,0,0,0,0,0,0,False,0,0,0,0,0
108,108,2023-05-18 08:05:00,1.08327,1.08329,1.08311,1.08312,91,17,0,True,1.0835787030943203,1.0835880000000002,,False,0,1.0835880000000002,0,0,-100,0,0,0,0,0,False,0,0,0,0,0
109,109,2023-05-18 08:10:00,1.08312,1.08316,1.08289,1.08308,91,16,0,True,1.0835312075615278,1.0835425,,False,0,1.0835425,0,0,0,0,-100,0,0,0,False,0,0,0,0,0
110,110,2023-05-18 08:15:00,1.08308,1.08314,1.08303,1.08313,92,18,0,True,1.0834929973175726,1.083504,,False,0,1.083504,0,0,0,0,0,0,0,0,False,0,0,0,0,0
111,111,2023-05-18 08:20:00,1.08317,1.08324,1.08308,1.08314,154,16,0,True,1.083459378525423,1.0834695,,False,0,1.0834695,0,0,0,0,0,0,0,0,False,0,0,0,0,0
112,112,2023-05-18 08:25:00,1.08314,1.08316,1.08303,1.08309,165,16,0,True,1.0834241996182399,1.0834375,,False,0,1.0834375,0,0,0,0,0,0,0,0,False,0,0,0,0,0
113,113,2023-05-18 08:30:00,1.08308,1.08342,1.08303,1.08342,131,17,0,True,1.083423799654598,1.0834175000000001,,False,0,1.0834175000000001,0,0,100,0,0,0,0,0,False,0,0,0,0,0
114,114,2023-05-18 08:35:00,1.08341,1.08349,1.0832,1.08328,105,16,0,True,1.083410104449398,1.083387,,False,0,1.083387,0,0,0,0,0,0,0,0,False,0,0,0,0,0
115,115,2023-05-18 08:40:00,1.08327,1.08333,1.08306,1.08307,148,16,0,True,1.0833777135494553,1.0833595,,False,0,1.0833595,0,0,0,0,0,0,0,0,False,0,0,0,0,0
116,116,2023-05-18 08:45:00,1.08311,1.08319,1.08296,1.08296,78,16,0,True,1.08333793130665,1.0833290000000002,,False,0,1.0833290000000002,0,0,0,0,0,0,0,0,False,0,0,0,0,0
117,117,2023-05-18 08:50:00,1.08295,1.08301,1.0826,1.0828,119,16,0,True,1.0832866997536357,1.0832910000000002,,False,0,1.0832910000000002,0,0,0,0,0,0,0,0,False,0,0,0,0,0
118,118,2023-05-18 08:55:00,1.08281,1.083,1.08278,1.08294,197,16,0,True,1.08325368072948,1.0832540000000002,,False,0,1.0832540000000002,0,0,0,0,0,0,0,0,False,0,0,0,0,0
119,119,2023-05-18 09:00:00,1.08293,1.08337,1.08288,1.08327,225,16,0,True,1.0832552349457198,1.083236,,False,0,1.083236,0,0,0,0,0,0,0,0,False,0,0,0,0,0
120,120,2023-05-18 09:05:00,1.08328,1.0833,1.08267,1.08272,210,16,0,True,1.0832042601889846,1.083188,,False,0,1.083188,0,0,-100,0,0,0,0,0,False,0,0,0,0,0
121,121,2023-05-18 09:10:00,1.08272,1.08282,1.0825,1.08254,205,16,0,True,1.0831409973138433,1.083129,,False,0,1.083129,0,0,0,0,-100,0,0,0,False,0,0,0,0,0
122,122,2023-05-18 09:15:00,1.08255,1.08273,1.08251,1.08272,133,16,0,True,1.0831009023315725,1.083089,,False,0,1.083089,0,0,0,0,0,0,0,0,False,0,0,0,0,0
123,123,2023-05-18 09:20:00,1.08272,1.08335,1.08272,1.08322,191,16,0,True,1.0831122449666608,1.0830790000000001,,False,0,1.0830790000000001,0,0,0,0,0,0,0,0,False,0,0,0,0,0
124,124,2023-05-18 09:25:00,1.08322,1.08322,1.08292,1.08317,179,16,0,True,1.0831177454460263,1.083074,,False,0,1.083074,0,0,0,0,0,0,0,0,False,0,0,0,0,0
125,125,2023-05-18 09:30:00,1.08318,1.08333,1.08305,1.08311,215,16,0,True,1.0831170077845,1.0830620000000002,,False,0,1.0830620000000002,0,0,0,0,0,0,0,0,False,0,0,0,0,0
126,126,2023-05-18 09:35:00,1.0831,1.08316,1.083,1.08306,151,16,0,True,1.0831115784716905,1.0830540000000002,,False,0,1.0830540000000002,0,0,0,0,0,0,0,0,False,0,0,0,0,0
127,127,2023-05-18 09:40:00,1.08306,1.08306,1.08272,1.08299,222,16,0,True,1.0830999995696247,1.0830415,,False,100,1.0830415,0,0,0,0,0,0,0,0,False,0,0,0,0,0
128,128,2023-05-18 09:45:00,1.08299,1.08307,1.08273,1.08282,225,16,0,True,1.0830733329439461,1.0830265000000001,,False,0,1.0830265000000001,0,0,0,0,0,0,0,0,False,0,0,0,0,0
129,129,2023-05-18 09:50:00,1.08283,1.08283,1.08226,1.08239,157,16,0,True,1.0830082536159513,1.0829920000000002,,False,0,1.0829920000000002,0,0,0,0,0,0,0,0,False,0,0,0,0,0
130,130,2023-05-18 09:55:00,1.08235,1.08265,1.08229,1.0825,121,16,0,True,1.0829598485096703,1.0829605,,False,0,1.0829605,0,0,0,0,0,0,0,0,False,0,0,0,0,0
131,131,2023-05-18 10:00:00,1.0825,1.08297,1.08248,1.08277,262,16,0,True,1.0829417676992255,1.082942,,False,0,1.082942,0,0,0,0,0,0,0,0,False,0,0,0,0,0
132,132,2023-05-18 10:05:00,1.08278,1.08301,1.08267,1.08267,239,17,0,True,1.082915885061204,1.0829210000000002,,False,0,1.0829210000000002,0,0,0,0,0,0,0,0,False,0,0,0,0,0
133,133,2023-05-18 10:10:00,1.08268,1.08272,1.08242,1.08271,150,16,0,True,1.082896276960137,1.0828855000000002,,False,100,1.0828855000000002,0,0,0,0,0,0,0,0,False,0,0,0,0,0
134,134,2023-05-18 10:15:00,1.0827,1.08282,1.08191,1.08212,209,16,0,True,1.0828223458210762,1.0828275,,False,0,1.0828275,0,0,0,0,0,0,0,0,False,0,0,0,0,0
135,135,2023-05-18 10:20:00,1.08213,1.08237,1.08202,1.08202,209,16,0,True,1.0827459319333546,1.0827750000000003,,False,0,1.0827750000000003,0,0,0,0,0,0,0,0,False,0,0,0,0,0
136,136,2023-05-18 10:25:00,1.08202,1.08207,1.08183,1.08202,220,16,0,True,1.0826767955587493,1.0827280000000001,,False,0,1.0827280000000001,0,0,0,0,0,0,0,0,False,0,0,0,0,0
137,137,2023-05-18 10:30:00,1.08203,1.08225,1.08193,1.08207,138,16,0,True,1.0826190055055351,1.0826915000000004,,False,0,1.0826915000000004,0,0,0,0,0,0,0,0,False,0,0,0,0,0
138,138,2023-05-18 10:35:00,1.08206,1.08223,1.08188,1.08222,181,16,0,True,1.0825810049811984,1.0826555000000002,,False,0,1.0826555000000002,0,0,0,0,0,0,0,0,False,0,0,0,0,0
139,139,2023-05-18 10:40:00,1.08222,1.08257,1.08219,1.08227,266,16,0,True,1.0825513854591795,1.0826055000000003,,False,0,1.0826055000000003,0,0,0,0,0,0,0,0,False,0,0,0,0,0
140,140,2023-05-18 10:45:00,1.08228,1.08254,1.08228,1.08239,202,16,0,True,1.0825360154154482,1.0825890000000005,,False,0,1.0825890000000005,0,0,0,0,0,0,0,0,False,0,0,0,0,0
141,141,2023-05-18 10:50:00,1.08239,1.08248,1.08202,1.08207,206,16,0,True,1.0824916329949292,1.0825655000000005,,False,0,1.0825655000000005,0,0,0,0,0,0,0,0,False,0,0,0,0,0
142,142,2023-05-18 10:55:00,1.08203,1.08203,1.08083,1.08154,429,16,0,True,1.0824010012811265,1.0825065000000005,,False,0,1.0825065000000005,0,0,0,0,0,0,0,0,False,0,0,0,0,0
143,143,2023-05-18 11:00:00,1.08159,1.08184,1.08118,1.08173,301,16,0,True,1.0823370963972097,1.0824320000000005,,False,0,1.0824320000000005,0,0,0,0,0,0,0,0,False,0,0,0,0,0
144,144,2023-05-18 11:05:00,1.08171,1.08213,1.08167,1.08184,431,16,0,True,1.0822897538831897,1.0823655000000005,,False,0,1.0823655000000005,0,0,0,0,0,0,0,0,False,0,0,0,0,0
145,145,2023-05-18 11:10:00,1.08182,1.08185,1.08146,1.08157,259,16,0,True,1.0822212058943146,1.0822885000000004,,False,0,1.0822885000000004,0,0,0,0,0,0,0,0,False,0,0,0,0,0
146,146,2023-05-18 11:15:00,1.08158,1.08158,1.08121,1.08155,282,16,0,True,1.0821572815234275,1.0822130000000005,,False,100,1.0822130000000005,0,0,0,0,0,0,0,0,False,0,0,0,0,0
147,147,2023-05-18 11:20:00,1.08155,1.08182,1.08145,1.08173,211,16,0,True,1.0821165880450059,1.0821500000000006,,False,0,1.0821500000000006,0,0,0,0,0,0,0,0,False,0,0,0,0,0
148,148,2023-05-18 11:25:00,1.08178,1.08206,1.0816,1.08175,207,16,0,True,1.0820816748978626,1.0820965000000005,,False,0,1.0820965000000005,0,0,0,0,0,0,0,0,False,0,0,0,0,0
149,149,2023-05-18 11:30:00,1.08169,1.08183,1.08137,1.08137,178,16,0,True,1.0820138963361614,1.0820455000000004,,False,0,1.0820455000000004,0,0,0,0,0,0,0,0,False,-100,-100,0,0,0
150,150,2023-05-18 11:35:00,1.08137,1.08153,1.08126,1.08144,142,16,0,True,1.0819592395422413,1.0819925000000006,,False,0,1.0819925000000006,0,0,0,0,0,0,0,0,False,0,0,0,0,0
151,151,2023-05-18 11:40:00,1.08144,1.08198,1.08143,1.08189,200,16,0,True,1.0819526453001231,1.0819485000000006,,False,0,1.0819485000000006,0,0,0,0,0,0,0,0,False,0,0,0,0,0
152,152,2023-05-18 11:45:00,1.0819,1.08193,1.08149,1.0815,231,16,0,True,1.0819095362239208,1.0818900000000005,,False,0,1.0818900000000005,0,0,0,0,0,0,0,0,False,0,0,0,0,0
153,153,2023-05-18 11:50:00,1.08151,1.08187,1.08139,1.08144,277,16,0,True,1.0818648184883093,1.0818265000000005,,False,0,1.0818265000000005,0,0,0,0,0,0,0,0,False,0,0,0,0,0
154,154,2023-05-18 11:55:00,1.08141,1.08161,1.08114,1.08157,225,16,0,True,1.0818367405370417,1.0817990000000006,,False,100,1.0817990000000006,0,0,100,0,0,0,0,0,False,0,0,0,0,0
155,155,2023-05-18 12:00:00,1.08157,1.08159,1.08136,1.08143,230,16,0,True,1.0817980033430377,1.0817695000000005,,False,0,1.0817695000000005,0,0,0,0,0,0,0,0,False,0,0,0,0,0
156,156,2023-05-18 12:05:00,1.08144,1.0818,1.08142,1.08177,163,16,0,True,1.0817953363579864,1.0817570000000005,,False,0,1.0817570000000005,0,0,0,0,0,0,0,0,False,0,0,0,0,0
157,157,2023-05-18 12:10:00,1.08177,1.08185,1.08158,1.08158,140,16,0,True,1.0817748281334163,1.0817325000000004,,False,0,1.0817325000000004,0,0,0,0,0,0,0,0,False,0,0,0,0,0
158,158,2023-05-18 12:15:00,1.08159,1.08159,1.0809,1.08119,270,16,0,True,1.0817191302159481,1.0816810000000003,,False,0,1.0816810000000003,0,0,0,0,0,0,0,0,False,0,0,0,0,0
159,159,2023-05-18 12:20:00,1.08117,1.08141,1.08096,1.08098,200,16,0,True,1.0816487368620482,1.0816165000000004,,False,0,1.0816165000000004,0,0,0,0,0,0,0,0,False,0,0,0,100,100
160,160,2023-05-18 12:25:00,1.08097,1.08103,1.08065,1.08071,240,16,0,True,1.0815593333513769,1.0815325000000002,,False,0,1.0815325000000002,0,0,0,0,0,0,0,0,False,0,0,0,0,0
161,161,2023-05-18 12:30:00,1.0807,1.08156,1.0807,1.08144,214,16,0,True,1.0815479682702933,1.0815010000000003,,False,0,1.0815010000000003,0,0,100,0,0,0,0,0,False,0,0,0,0,0
162,162,2023-05-18 12:35:00,1.08144,1.08169,1.08137,1.08153,274,16,0,True,1.0815462570064558,1.0815005000000002,,False,0,1.0815005000000002,0,0,0,0,100,0,0,0,False,0,0,0,0,0
163,163,2023-05-18 12:40:00,1.08153,1.08168,1.08148,1.08164,185,16,0,True,1.0815551849106029,1.0814960000000002,,False,0,1.0814960000000002,0,0,0,0,0,0,0,0,False,0,0,0,0,0
164,164,2023-05-18 12:45:00,1.08164,1.08167,1.08152,1.08162,163,16,0,True,1.0815613577762597,1.0814850000000003,,False,0,1.0814850000000003,0,0,0,0,0,0,0,0,False,0,0,0,0,0
165,165,2023-05-18 12:50:00,1.08161,1.0819,1.08157,1.08189,105,16,0,True,1.0815926570356635,1.0815010000000005,,False,0,1.0815010000000005,0,0,100,0,0,0,0,0,False,0,0,0,0,0
166,166,2023-05-18 12:55:00,1.0819,1.0819,1.08162,1.08174,139,16,0,True,1.0816066896989336,1.0815105000000005,,False,0,1.0815105000000005,0,0,0,0,0,0,0,0,False,0,0,0,0,0
167,167,2023-05-18 13:00:00,1.08173,1.08187,1.08148,1.08155,191,16,0,True,1.0816012906799874,1.0815015000000003,,False,0,1.0815015000000003,0,0,0,0,0,0,0,0,False,0,0,0,0,0
168,168,2023-05-18 13:05:00,1.08156,1.08165,1.08143,1.08146,106,16,0,True,1.0815878344247505,1.0814870000000005,,False,0,1.0814870000000005,0,0,0,0,0,0,0,0,False,0,0,0,0,0
169,169,2023-05-18 13:10:00,1.08146,1.08148,1.08121,1.08123,120,16,0,True,1.0815537549557266,1.0814800000000004,,False,0,1.0814800000000004,0,0,0,0,0,0,0,0,False,0,0,0,0,0
170,170,2023-05-18 13:15:00,1.08121,1.08122,1.08091,1.08092,148,16,0,True,1.0814933973408956,1.0814540000000004,,False,0,1.0814540000000004,0,0,0,0,0,0,0,0,False,0,0,0,0,0
171,171,2023-05-18 13:20:00,1.08087,1.08111,1.08074,1.08094,160,16,0,True,1.0814406928322389,1.0814065000000004,,False,0,1.0814065000000004,0,0,0,0,0,0,0,0,False,0,0,0,0,0
172,172,2023-05-18 13:25:00,1.08094,1.08105,1.08078,1.08079,156,16,0,True,1.0813787220863114,1.0813710000000003,,False,0,1.0813710000000003,0,0,0,0,0,0,0,0,False,0,0,0,0,0
173,173,2023-05-18 13:30:00,1.08079,1.08094,1.08047,1.08075,167,16,0,True,1.0813188437923769,1.0813365000000004,,False,0,1.0813365000000004,0,0,0,0,0,0,0,0,False,0,0,0,0,0
174,174,2023-05-18 13:35:00,1.08074,1.08088,1.08067,1.08069,57,16,0,True,1.0812589539073887,1.0812925000000004,,False,0,1.0812925000000004,0,0,0,0,0,0,0,0,False,0,0,0,100,100
175,175,2023-05-18 13:40:00,1.08071,1.08084,1.08063,1.08074,136,16,0,True,1.0812095297257327,1.0812580000000005,,False,0,1.0812580000000005,0,0,0,0,0,0,0,0,False,0,0,0,0,0
176,176,2023-05-18 13:45:00,1.08076,1.08139,1.08076,1.0813,104,16,0,True,1.0812181459423296,1.0812345000000003,,False,0,1.0812345000000003,0,0,0,0,0,0,0,0,False,0,0,0,0,0
177,177,2023-05-18 13:50:00,1.08131,1.08156,1.08129,1.0815,125,16,0,True,1.0812449891859173,1.0812305000000004,,False,0,1.0812305000000004,0,0,0,0,0,0,0,0,False,0,0,0,0,0
178,178,2023-05-18 13:55:00,1.08148,1.08148,1.08123,1.08144,126,16,0,True,1.0812635616444013,1.0812430000000004,,False,0,1.0812430000000004,0,0,0,0,0,0,0,0,False,0,0,0,0,0
179,179,2023-05-18 14:00:00,1.08145,1.08148,1.08128,1.08128,125,16,0,True,1.0812651272020775,1.0812580000000005,,False,0,1.0812580000000005,0,0,0,-100,0,0,0,0,False,0,0,0,0,0
180,180,2023-05-18 14:05:00,1.08127,1.08129,1.08103,1.08108,118,16,0,True,1.081247496039975,1.0812765000000004,,False,0,1.0812765000000004,0,0,0,0,0,0,0,0,False,0,0,0,0,0
181,181,2023-05-18 14:10:00,1.08108,1.08134,1.08107,1.08129,125,16,0,True,1.0812515440361679,1.0812690000000003,,False,0,1.0812690000000003,0,0,0,0,0,0,0,0,False,0,0,0,0,0
182,182,2023-05-18 14:15:00,1.08132,1.08133,1.08107,1.08119,101,16,0,True,1.08124568269939,1.0812520000000003,,False,0,1.0812520000000003,0,0,0,0,0,0,0,0,False,0,0,0,0,0
183,183,2023-05-18 14:20:00,1.08119,1.08141,1.08111,1.08112,129,16,0,True,1.0812337129184957,1.0812260000000002,,False,0,1.0812260000000002,0,0,0,0,0,0,0,0,False,0,0,0,0,0
184,184,2023-05-18 14:25:00,1.08111,1.08112,1.08074,1.08101,156,16,0,True,1.081212406926258,1.0811955000000002,,False,100,1.0811955000000002,0,0,0,0,0,0,0,0,False,0,0,0,0,0
185,185,2023-05-18 14:30:00,1.08102,1.08118,1.08089,1.08118,206,16,0,True,1.0812093205523288,1.0811600000000001,,False,0,1.0811600000000001,0,0,0,0,0,0,0,0,False,0,0,0,0,0
186,186,2023-05-18 14:35:00,1.08119,1.08155,1.08119,1.08142,179,16,0,True,1.0812293852616308,1.081144,,False,0,1.081144,0,0,0,0,0,0,0,0,False,0,0,0,0,0
187,187,2023-05-18 14:40:00,1.08142,1.08172,1.08142,1.08157,162,16,0,True,1.081261824760523,1.081145,,False,0,1.081145,0,0,0,0,0,0,0,0,False,0,0,0,0,0
188,188,2023-05-18 14:45:00,1.08157,1.08157,1.08142,1.08144,112,16,0,True,1.0812787938309494,1.081144,,False,0,1.081144,0,0,0,0,0,0,0,0,False,0,0,0,0,0
189,189,2023-05-18 14:50:00,1.08143,1.0815,1.08121,1.08127,117,16,0,True,1.08127795632324,1.081146,,False,0,1.081146,0,0,0,0,0,0,0,0,False,0,0,0,0,0
190,190,2023-05-18 14:55:00,1.08131,1.08146,1.08128,1.08142,184,16,0,True,1.0812914842924553,1.081171,,False,0,1.081171,0,0,0,0,0,0,0,0,False,0,0,0,0,0
191,191,2023-05-18 15:00:00,1.08145,1.08145,1.08121,1.08122,132,16,0,True,1.0812846762646025,1.0811850000000003,,False,0,1.0811850000000003,0,0,-100,0,0,0,0,0,False,0,0,0,0,0
192,192,2023-05-18 15:05:00,1.08123,1.08131,1.08117,1.08122,137,16,0,True,1.0812785166203547,1.0812065000000004,,False,0,1.0812065000000004,0,0,0,0,0,0,0,0,False,0,0,0,0,0
193,193,2023-05-18 15:10:00,1.08122,1.08165,1.08122,1.08165,97,16,0,True,1.0813138959898447,1.0812515000000003,,False,0,1.0812515000000003,0,0,0,0,0,0,0,0,False,0,0,0,0,0
194,194,2023-05-18 15:15:00,1.08166,1.08169,1.08124,1.08127,179,16,0,True,1.0813097154193834,1.0812805000000003,,False,0,1.0812805000000003,0,0,0,0,0,0,0,-100,False,0,0,0,0,0
195,195,2023-05-18 15:20:00,1.08127,1.08149,1.081,1.08104,198,16,0,True,1.081284028236585,1.0812955000000004,,False,0,1.0812955000000004,0,0,0,0,0,0,0,0,False,0,0,0,0,0
196,196,2023-05-18 15:25:00,1.08105,1.08113,1.08085,1.08106,216,16,0,True,1.0812626922140531,1.0812835000000005,,False,0,1.0812835000000005,0,0,0,0,0,0,0,0,False,0,0,0,0,0
197,197,2023-05-18 15:30:00,1.08103,1.08111,1.07919,1.0793,958,16,0,True,1.081075769146048,1.0811735000000007,,False,0,1.0811735000000007,0,0,0,0,0,0,0,0,False,0,0,0,0,0
198,198,2023-05-18 15:35:00,1.07928,1.07999,1.07891,1.07896,578,16,0,True,1.0808742673226148,1.0810495000000004,,False,0,1.0810495000000004,0,0,0,0,0,0,0,0,False,0,0,0,0,0
199,199,2023-05-18 15:40:00,1.07896,1.07959,1.07886,1.07957,421,16,0,True,1.0807500513871278,1.0809640000000005,1.082939499999999,False,0,1.0809640000000005,0,0,0,0,0,0,0,0,True,0,0,0,0,0
200,200,2023-05-18 15:45:00,1.07956,1.07982,1.07852,1.07852,467,16,0,True,1.0805376655407346,1.0808360000000006,1.082912699999999,False,0,1.0808360000000006,0,0,0,0,0,0,0,0,True,0,0,0,0,0
201,201,2023-05-18 15:50:00,1.07853,1.07918,1.07843,1.07904,497,16,0,True,1.0803950307273313,1.0807235000000006,1.082888949999999,False,0,1.0807235000000006,0,0,0,0,0,0,0,0,True,0,0,0,0,0
202,202,2023-05-18 15:55:00,1.07904,1.07904,1.07852,1.07893,493,16,0,True,1.080255503991395,1.0806105000000006,1.082864799999999,False,0,1.0806105000000006,0,0,0,0,0,0,0,0,True,0,0,0,0,0
203,203,2023-05-18 16:00:00,1.07893,1.07916,1.07869,1.07875,367,16,0,True,1.0801121226588812,1.0804920000000007,1.082840199999999,False,0,1.0804920000000007,0,0,0,0,0,0,0,0,True,0,0,0,0,0
204,204,2023-05-18 16:05:00,1.07874,1.07942,1.07867,1.07939,374,16,0,True,1.0800433490723211,1.0804110000000007,1.0828189999999989,False,0,1.0804110000000007,0,0,100,0,0,0,0,0,True,0,0,0,0,0
205,205,2023-05-18 16:10:00,1.07937,1.07938,1.07865,1.07866,351,16,0,True,1.079911601541624,1.0802850000000006,1.082794049999999,False,0,1.0802850000000006,0,0,0,0,0,0,0,0,True,0,0,0,0,0
206,206,2023-05-18 16:15:00,1.0786,1.07912,1.07851,1.07887,367,16,0,True,1.0798124013948025,1.0801575000000005,1.0827701499999989,False,0,1.0801575000000005,0,0,0,0,0,0,0,0,True,0,0,0,0,0
207,207,2023-05-18 16:20:00,1.07886,1.07931,1.07883,1.07894,348,16,0,True,1.0797293155476784,1.0800260000000006,1.082746749999999,False,0,1.0800260000000006,0,0,0,0,0,0,0,0,True,0,0,100,0,0
208,208,2023-05-18 16:25:00,1.07893,1.07913,1.07865,1.07866,324,16,0,True,1.079627475971709,1.0798870000000005,1.082721899999999,False,0,1.0798870000000005,0,0,0,0,0,0,0,0,True,0,0,0,0,0
209,209,2023-05-18 16:30:00,1.07868,1.07878,1.07832,1.07853,460,16,0,True,1.079522954450594,1.0797500000000004,1.082695999999999,False,0,1.0797500000000004,0,0,0,0,0,0,0,0,True,0,0,0,0,0
210,210,2023-05-18 16:35:00,1.07851,1.07863,1.07823,1.0783,418,16,0,True,1.0794064825981564,1.0795940000000004,1.0826698499999992,False,0,1.0795940000000004,0,0,0,0,0,0,0,0,True,0,0,0,0,0
211,211,2023-05-18 16:40:00,1.07827,1.07852,1.07822,1.07827,274,16,0,True,1.0792982461602367,1.0794465000000004,1.082642499999999,False,0,1.0794465000000004,0,0,0,0,0,0,0,0,True,0,0,100,100,100
212,212,2023-05-18 16:45:00,1.07827,1.0783,1.078,1.07803,311,16,0,True,1.0791774608116427,1.0792870000000003,1.0826139499999992,False,0,1.0792870000000003,0,0,0,0,0,0,0,0,True,0,0,0,0,0
213,213,2023-05-18 16:50:00,1.07802,1.07815,1.07743,1.07808,437,16,0,True,1.0790729407343433,1.0791085000000005,1.082585549999999,False,0,1.0791085000000005,0,0,0,0,0,0,0,0,True,0,0,0,0,0
214,214,2023-05-18 16:55:00,1.07809,1.07811,1.07763,1.0777,372,16,0,True,1.0789421844739298,1.0789300000000004,1.082554949999999,False,0,1.0789300000000004,0,0,-100,0,0,0,0,0,True,0,0,0,0,0
215,215,2023-05-18 17:00:00,1.0777,1.07825,1.07757,1.07763,472,16,0,True,1.0788172145240318,1.0787595000000003,1.082524149999999,False,0,1.0787595000000003,0,0,0,0,-100,0,0,0,True,0,0,0,0,0
216,216,2023-05-18 17:05:00,1.07764,1.07818,1.07762,1.07799,489,16,0,True,1.0787384321884097,1.0786060000000002,1.082494799999999,False,0,1.0786060000000002,0,0,0,0,0,0,0,0,True,0,0,0,0,0
217,217,2023-05-18 17:10:00,1.07799,1.07808,1.07788,1.07803,280,16,0,True,1.07867096245618,1.0785425000000004,1.0824653999999991,False,0,1.0785425000000004,0,0,0,0,0,0,0,0,True,0,0,0,0,0
218,218,2023-05-18 17:15:00,1.07804,1.07836,1.07801,1.07814,272,16,0,True,1.0786203946032107,1.0785015000000004,1.0824367499999992,False,0,1.0785015000000004,0,0,0,0,0,0,0,0,True,0,0,0,0,0
219,219,2023-05-18 17:20:00,1.07815,1.07833,1.07805,1.07808,408,16,0,True,1.078568928450524,1.0784270000000005,1.0824077999999993,False,0,1.0784270000000005,0,0,0,0,0,0,0,0,True,0,0,0,0,0
220,220,2023-05-18 17:25:00,1.07807,1.07859,1.07805,1.07836,352,16,0,True,1.078549030502855,1.0784190000000005,1.0823801999999991,False,0,1.0784190000000005,0,0,100,0,0,0,0,0,True,0,0,0,0,0
221,221,2023-05-18 17:30:00,1.07837,1.0785,1.07817,1.07823,275,16,0,True,1.0785186466454404,1.0783785000000006,1.0823519499999992,False,0,1.0783785000000006,0,0,0,0,0,0,0,0,True,0,0,0,0,0
222,222,2023-05-18 17:35:00,1.07825,1.07826,1.07731,1.07742,279,16,0,True,1.078414013631589,1.0783030000000005,1.082319699999999,False,0,1.0783030000000005,0,0,0,0,0,0,0,0,True,0,0,0,0,0
223,223,2023-05-18 17:40:00,1.07741,1.07742,1.07697,1.07712,389,16,0,True,1.0782907742381043,1.0782215000000006,1.0822853999999993,False,0,1.0782215000000006,0,0,0,0,0,0,0,0,True,0,0,0,0,0
224,224,2023-05-18 17:45:00,1.07713,1.07734,1.07701,1.07703,265,16,0,True,1.078170700501142,1.0781035000000005,1.0822506499999993,False,0,1.0781035000000005,0,0,0,0,0,0,0,0,True,0,0,0,0,0
225,225,2023-05-18 17:50:00,1.07703,1.07707,1.07662,1.07673,284,16,0,True,1.0780334909296048,1.0780070000000008,1.0822137999999992,False,0,1.0780070000000008,0,0,0,0,0,0,0,0,True,0,0,0,0,0
226,226,2023-05-18 17:55:00,1.07672,1.077,1.07661,1.07684,371,16,0,True,1.0779198251267852,1.0779055000000008,1.0821777999999993,False,0,1.0779055000000008,0,0,0,0,0,0,0,0,True,0,0,0,0,0
227,227,2023-05-18 18:00:00,1.07684,1.07711,1.07679,1.0769,292,16,0,False,1.0778226989242343,1.0778035000000008,1.0821425999999992,False,0,1.0778035000000008,0,0,0,0,0,0,0,0,True,0,0,0,0,0
228,228,2023-05-18 18:05:00,1.0769,1.07715,1.07646,1.07647,225,16,0,False,1.0776938704552597,1.0776940000000008,1.0821052499999992,False,0,1.0776940000000008,0,0,0,0,0,0,0,0,True,0,0,0,0,0
229,229,2023-05-18 18:10:00,1.07648,1.07666,1.07623,1.07662,300,16,0,False,1.0775915970785683,1.0775985000000008,1.0820680999999992,False,100,1.0775985000000008,0,0,0,0,0,0,0,0,True,0,0,0,0,0
230,230,2023-05-18 18:15:00,1.07662,1.07679,1.07652,1.07674,251,16,0,False,1.077510492594895,1.0775205000000008,1.0820315499999993,False,0,1.0775205000000008,0,0,0,0,0,0,0,0,True,0,0,0,0,0
231,231,2023-05-18 18:20:00,1.07673,1.07679,1.07667,1.07674,245,16,0,False,1.0774371123477622,1.077444000000001,1.0819950499999993,False,0,1.077444000000001,0,0,0,0,0,0,0,0,True,0,0,0,0,0
232,232,2023-05-18 18:25:00,1.07674,1.07724,1.07671,1.07721,231,16,0,False,1.0774154826003564,1.077403000000001,1.0819611499999993,False,0,1.077403000000001,0,0,0,0,0,0,0,0,True,0,0,0,0,0
233,233,2023-05-18 18:30:00,1.07721,1.07721,1.07693,1.07699,164,16,0,False,1.0773749604479415,1.077348500000001,1.0819263499999994,False,0,1.077348500000001,0,0,0,0,0,0,0,0,True,0,0,0,0,0
234,234,2023-05-18 18:35:00,1.07699,1.07735,1.0769,1.07718,112,16,0,False,1.0773563927862329,1.0773225000000008,1.0818934999999994,False,0,1.0773225000000008,0,0,0,0,0,0,0,0,True,0,0,0,0,0
235,235,2023-05-18 18:40:00,1.07717,1.07733,1.07714,1.07726,93,16,0,False,1.0773472125208774,1.077304000000001,1.0818615499999993,False,0,1.077304000000001,0,0,0,0,0,0,0,0,True,0,0,0,0,0
236,236,2023-05-18 18:45:00,1.07727,1.07776,1.0772,1.07772,181,16,0,False,1.0773827160903175,1.0772905000000008,1.0818315999999992,False,0,1.0772905000000008,0,0,0,0,0,0,0,0,True,0,0,0,0,0
237,237,2023-05-18 18:50:00,1.07772,1.07772,1.07749,1.0776,181,16,0,False,1.0774034097960017,1.077269000000001,1.0818011499999993,False,0,1.077269000000001,0,0,0,0,0,0,0,0,True,0,0,0,0,0
238,238,2023-05-18 18:55:00,1.07759,1.07769,1.07735,1.07745,267,16,0,False,1.0774078469582873,1.0772345000000008,1.0817699499999993,False,0,1.0772345000000008,0,0,0,0,0,0,0,0,True,0,0,0,0,0
239,239,2023-05-18 19:00:00,1.07745,1.07803,1.07741,1.07796,213,16,0,False,1.07746043296226,1.0772285000000008,1.0817414999999992,False,0,1.0772285000000008,0,0,0,0,0,0,0,0,True,0,0,0,0,0
240,240,2023-05-18 19:05:00,1.07795,1.07803,1.07764,1.07764,176,16,0,False,1.077477534584902,1.0771925000000009,1.0817124499999993,False,0,1.0771925000000009,0,0,0,0,0,0,0,0,True,0,0,0,0,0
241,241,2023-05-18 19:10:00,1.07764,1.07768,1.07698,1.07705,249,16,0,False,1.0774368170053874,1.0771335000000009,1.0816803999999993,False,0,1.0771335000000009,0,0,0,0,0,0,0,0,True,0,0,0,0,0
242,242,2023-05-18 19:15:00,1.07704,1.07729,1.07689,1.07693,179,16,0,False,1.0773885487191601,1.0771090000000008,1.0816472999999993,False,0,1.0771090000000008,0,0,0,0,0,0,0,0,True,0,0,0,100,100
243,243,2023-05-18 19:20:00,1.07694,1.07699,1.07673,1.07689,143,16,0,False,1.0773410678887638,1.0770975000000007,1.0816141999999993,False,0,1.0770975000000007,0,0,0,0,0,0,0,0,True,0,0,0,0,0
244,244,2023-05-18 19:25:00,1.07684,1.07688,1.07653,1.0766,229,16,0,False,1.0772704899945957,1.0770760000000006,1.0815789999999994,False,0,1.0770760000000006,0,0,0,0,0,0,0,0,True,0,0,0,0,0
245,245,2023-05-18 19:30:00,1.07659,1.07664,1.07648,1.07652,114,16,0,False,1.0771990147570152,1.0770655000000005,1.0815430999999993,False,0,1.0770655000000005,0,0,0,0,0,0,0,0,True,0,0,0,0,0
246,246,2023-05-18 19:35:00,1.07652,1.07663,1.07643,1.07652,147,16,0,False,1.0771343466849186,1.0770495000000004,1.0815072499999994,False,0,1.0770495000000004,0,0,0,0,0,0,0,0,True,0,0,0,0,0
247,247,2023-05-18 19:40:00,1.07653,1.07656,1.07639,1.07648,142,16,0,False,1.0770720279530215,1.0770285000000004,1.0814706999999995,False,100,1.0770285000000004,0,0,-100,0,0,0,0,0,True,0,0,0,0,0
248,248,2023-05-18 19:45:00,1.07649,1.07661,1.07642,1.07642,137,16,0,False,1.0770099300527338,1.0770260000000005,1.0814344499999995,False,0,1.0770260000000005,0,0,0,0,-100,0,0,0,True,0,0,0,0,0
249,249,2023-05-18 19:50:00,1.07643,1.07644,1.07621,1.07628,162,16,0,False,1.0769404129048543,1.0770090000000005,1.0813973499999994,False,0,1.0770090000000005,0,0,0,0,0,0,0,0,True,0,0,0,0,0
250,250,2023-05-18 19:55:00,1.07626,1.07635,1.07618,1.07622,219,16,0,False,1.076871802152011,1.0769830000000005,1.0813612999999995,False,0,1.0769830000000005,0,0,0,0,0,0,0,0,True,0,0,0,0,0
251,251,2023-05-18 20:00:00,1.07623,1.07637,1.07617,1.07621,220,16,0,False,1.0768087733756289,1.0769565000000003,1.0813243999999995,False,0,1.0769565000000003,0,0,0,0,0,0,0,0,True,0,0,0,0,0
252,252,2023-05-18 20:05:00,1.07622,1.07634,1.07619,1.07625,213,16,0,False,1.0767555568636642,1.0769085000000005,1.0812871999999996,False,0,1.0769085000000005,0,0,0,0,0,0,0,0,True,0,0,0,0,0
253,253,2023-05-18 20:10:00,1.07624,1.07632,1.07616,1.07618,196,16,0,False,1.0767007419242676,1.0768680000000006,1.0812491499999997,False,0,1.0768680000000006,0,0,0,0,0,0,0,0,True,0,0,0,0,0
254,254,2023-05-18 20:15:00,1.07617,1.07633,1.07616,1.07632,119,16,0,False,1.076664480788623,1.0768250000000006,1.0812122499999997,False,0,1.0768250000000006,0,0,100,0,0,0,0,0,True,0,0,0,0,0
255,255,2023-05-18 20:20:00,1.07633,1.07637,1.07627,1.07632,155,16,0,False,1.0766316730944685,1.0767780000000005,1.0811743999999996,False,0,1.0767780000000005,0,0,0,0,0,0,0,0,True,0,0,0,0,0
256,256,2023-05-18 20:25:00,1.07631,1.07656,1.07626,1.07653,316,16,0,False,1.0766219899426144,1.0767185000000006,1.0811368499999998,False,0,1.0767185000000006,0,0,100,0,0,0,0,0,True,0,0,0,0,0
257,257,2023-05-18 20:30:00,1.07654,1.07664,1.07637,1.07642,189,16,0,False,1.0766027528052224,1.0766595000000003,1.0810980499999998,False,0,1.0766595000000003,0,0,0,0,0,0,0,0,True,0,0,0,0,0
258,258,2023-05-18 20:35:00,1.07641,1.07641,1.07623,1.07628,84,16,0,False,1.0765720144428204,1.0766010000000006,1.0810588499999998,False,0,1.0766010000000006,0,0,0,0,0,0,0,0,True,0,0,0,0,0
259,259,2023-05-18 20:40:00,1.07628,1.07644,1.07627,1.07638,144,16,0,False,1.076553727353028,1.0765220000000004,1.0810213999999998,False,0,1.0765220000000004,0,0,0,0,0,0,0,0,True,0,0,0,0,0
260,260,2023-05-18 20:45:00,1.07639,1.07653,1.07633,1.07645,201,16,0,False,1.0765438485575014,1.0764625000000005,1.0809844499999997,False,0,1.0764625000000005,0,0,0,0,0,0,0,0,True,0,0,0,0,0
261,261,2023-05-18 20:50:00,1.07646,1.07654,1.07635,1.07646,101,16,0,False,1.0765358629805966,1.0764330000000006,1.0809464999999998,False,0,1.0764330000000006,0,0,0,0,0,0,0,0,True,0,0,0,0,0
262,262,2023-05-18 20:55:00,1.07646,1.07658,1.07643,1.07658,144,16,0,False,1.0765400665062541,1.0764155000000006,1.0809085999999999,False,0,1.0764155000000006,0,0,0,0,0,0,0,0,True,0,0,0,0,0
263,263,2023-05-18 21:00:00,1.07658,1.0767,1.07654,1.07669,105,16,0,False,1.076554345886611,1.0764055000000006,1.0808696999999998,False,0,1.0764055000000006,0,0,0,0,0,0,0,0,True,0,0,0,0,0
264,264,2023-05-18 21:05:00,1.07668,1.07674,1.07648,1.07648,82,16,0,False,1.0765472653259813,1.0763995000000006,1.0808292,False,0,1.0763995000000006,0,0,0,0,0,0,0,0,True,0,0,0,0,0
265,265,2023-05-18 21:10:00,1.07649,1.07654,1.07642,1.0765,68,16,0,False,1.076542763866364,1.0763985000000007,1.0807917999999999,False,0,1.0763985000000007,0,0,0,0,0,0,0,0,True,0,0,0,0,0
266,266,2023-05-18 21:15:00,1.07649,1.07659,1.0764,1.07643,79,16,0,False,1.0765320244505199,1.0763940000000007,1.0807536,False,0,1.0763940000000007,0,0,0,0,0,0,0,0,True,0,0,0,0,0
267,267,2023-05-18 21:20:00,1.07645,1.07655,1.07644,1.07654,70,16,0,False,1.0765327840266607,1.0763970000000007,1.0807158499999998,False,0,1.0763970000000007,0,0,0,0,0,0,0,0,True,0,0,0,0,0
268,268,2023-05-18 21:25:00,1.07653,1.07672,1.07653,1.0767,86,16,0,False,1.076548709357455,1.0764110000000007,1.0806778,False,0,1.0764110000000007,0,0,0,0,0,0,0,0,True,0,0,0,0,0
269,269,2023-05-18 21:30:00,1.07668,1.07681,1.07668,1.07669,86,16,0,False,1.076562165609126,1.0764315000000007,1.08063995,False,0,1.0764315000000007,0,0,0,0,0,0,0,0,True,0,0,100,0,0
270,270,2023-05-18 21:35:00,1.07669,1.07669,1.07648,1.07649,99,16,0,False,1.0765552926939712,1.0764450000000008,1.0806003,False,0,1.0764450000000008,0,0,0,-100,0,0,0,0,True,0,0,0,0,0
271,271,2023-05-18 21:40:00,1.07654,1.07654,1.0763,1.07637,134,16,0,False,1.0765376457707359,1.0764530000000008,1.08055935,False,0,1.0764530000000008,0,0,0,0,0,0,0,0,True,0,0,0,0,0
272,272,2023-05-18 21:45:00,1.07638,1.07656,1.07637,1.07654,117,16,0,False,1.0765378699830468,1.0764675000000008,1.0805200999999998,False,0,1.0764675000000008,0,0,0,0,0,0,0,0,True,0,0,0,0,0
273,273,2023-05-18 21:50:00,1.07659,1.0767,1.07646,1.07647,110,16,0,False,1.0765314061751377,1.0764820000000008,1.08047995,False,0,1.0764820000000008,0,0,0,0,0,0,0,-100,True,0,0,0,0,0
274,274,2023-05-18 21:55:00,1.07646,1.07662,1.07646,1.0766,173,16,0,False,1.0765379389203626,1.0764960000000008,1.0804403,False,0,1.0764960000000008,0,0,100,0,0,0,0,0,True,0,0,0,0,0
275,275,2023-05-18 22:00:00,1.07661,1.07678,1.07652,1.07653,175,16,0,False,1.076537182832709,1.0765065000000007,1.08040005,False,0,1.0765065000000007,0,0,0,0,0,0,0,0,True,0,0,0,0,0
276,276,2023-05-18 22:05:00,1.07653,1.07663,1.07652,1.07661,53,16,0,False,1.0765441178010224,1.0765105000000008,1.0803611499999999,False,0,1.0765105000000008,0,0,0,0,0,0,0,0,True,0,0,0,0,0
277,277,2023-05-18 22:10:00,1.07661,1.07668,1.07653,1.07653,76,16,0,False,1.0765427732485442,1.076516000000001,1.0803219999999998,False,0,1.076516000000001,0,0,0,0,0,0,0,0,True,0,0,0,0,0
278,278,2023-05-18 22:15:00,1.07652,1.0767,1.07652,1.0767,54,16,0,False,1.0765577472248733,1.0765370000000007,1.0802835999999996,False,0,1.0765370000000007,0,0,100,0,0,0,0,0,True,0,0,0,0,0
279,279,2023-05-18 22:20:00,1.07669,1.07678,1.0766,1.07667,112,16,0,False,1.0765684379653615,1.0765515000000008,1.0802446499999996,False,0,1.0765515000000008,0,0,0,0,0,0,0,0,True,0,0,0,0,0
280,280,2023-05-18 22:25:00,1.07667,1.07676,1.0766,1.07675,124,16,0,False,1.076585729587708,1.0765665000000006,1.0802057999999997,False,0,1.0765665000000006,0,0,0,0,0,0,0,0,True,0,0,0,0,0
281,281,2023-05-18 22:30:00,1.07676,1.07702,1.07675,1.07702,87,16,0,False,1.076627088674593,1.0765945000000008,1.0801679499999997,False,0,1.0765945000000008,0,0,0,0,0,0,0,0,True,0,0,0,0,0
282,282,2023-05-18 22:35:00,1.07706,1.07723,1.07706,1.07717,90,16,0,False,1.076678794515108,1.0766240000000007,1.0801310999999998,False,0,1.0766240000000007,0,0,0,0,0,0,0,0,True,0,0,0,0,0
283,283,2023-05-18 22:40:00,1.07718,1.07731,1.07716,1.0773,110,16,0,False,1.0767379569422406,1.0766545000000007,1.0800949999999998,False,0,1.0766545000000007,0,0,0,0,0,0,0,0,True,0,0,0,0,0
284,284,2023-05-18 22:45:00,1.07729,1.07735,1.07714,1.07715,92,16,0,False,1.0767771991382178,1.0766880000000008,1.0800579999999997,False,0,1.0766880000000008,0,0,0,0,0,0,0,0,True,0,0,0,0,0
285,285,2023-05-18 22:50:00,1.0772,1.07731,1.07702,1.07705,100,16,0,False,1.0768031801726732,1.0767155000000008,1.0800213499999998,False,0,1.0767155000000008,0,0,0,0,0,0,0,0,True,0,0,0,0,0
286,286,2023-05-18 22:55:00,1.07704,1.07733,1.07703,1.0773,93,16,0,False,1.0768504963467043,1.076759000000001,1.0799866999999999,False,0,1.076759000000001,0,0,100,0,0,0,0,0,True,0,0,0,0,0
287,287,2023-05-18 23:00:00,1.07732,1.07735,1.07718,1.0772,121,16,0,False,1.0768837824089228,1.0767920000000009,1.0799520999999996,False,0,1.0767920000000009,0,0,0,0,0,0,0,0,True,0,0,0,0,0
288,288,2023-05-18 23:05:00,1.07726,1.0773,1.07721,1.07729,43,16,0,False,1.076922469798549,1.076821500000001,1.0799181499999997,False,0,1.076821500000001,0,0,0,0,0,0,0,0,True,0,0,0,0,0
289,289,2023-05-18 23:10:00,1.07728,1.07737,1.07726,1.07735,42,17,0,False,1.076963186960592,1.076854500000001,1.0798849499999996,False,0,1.076854500000001,0,0,0,0,0,0,0,0,True,0,0,0,0,0
290,290,2023-05-18 23:15:00,1.07736,1.0774,1.07734,1.07737,31,17,0,False,1.0770019310595833,1.0768985000000009,1.0798522999999998,False,0,1.0768985000000009,0,0,0,0,0,0,0,0,True,0,0,0,0,0
291,291,2023-05-18 23:20:00,1.07736,1.07736,1.07719,1.07724,27,17,0,False,1.077024604292004,1.076942000000001,1.0798193499999997,False,0,1.076942000000001,0,0,0,0,0,0,0,0,True,0,0,0,0,0
292,292,2023-05-18 23:25:00,1.07723,1.07724,1.07702,1.07705,53,17,0,False,1.0770270229308607,1.0769675000000007,1.0797859499999998,False,0,1.0769675000000007,0,0,0,0,0,0,0,0,True,0,0,0,0,0
293,293,2023-05-18 23:30:00,1.07705,1.0772,1.07705,1.07718,34,16,0,False,1.0770415921755407,1.0770030000000008,1.0797527499999997,False,0,1.0770030000000008,0,0,0,0,0,0,0,0,True,0,0,0,0,0
294,294,2023-05-18 23:35:00,1.07715,1.07724,1.07714,1.07722,43,17,0,False,1.0770585833969177,1.0770340000000007,1.0797193999999997,False,0,1.0770340000000007,0,0,0,0,0,0,0,0,True,0,0,0,0,0
295,295,2023-05-18 23:40:00,1.07723,1.07723,1.07713,1.07717,56,16,0,False,1.0770691945019732,1.0770660000000007,1.0796871499999998,False,0,1.0770660000000007,0,0,0,0,0,0,0,0,True,0,0,0,0,0
296,296,2023-05-18 23:45:00,1.07716,1.07718,1.07703,1.07704,90,17,0,False,1.0770664140732138,1.0770875000000009,1.0796544999999997,False,0,1.0770875000000009,0,0,0,0,0,0,0,0,True,0,0,0,0,0
297,297,2023-05-18 23:50:00,1.07706,1.07711,1.07697,1.077,99,18,0,False,1.077060088923384,1.0771110000000008,1.0796216999999997,False,0,1.0771110000000008,0,0,0,0,0,0,0,0,True,0,0,0,0,0
298,298,2023-05-18 23:55:00,1.077,1.07703,1.07683,1.07686,161,19,0,False,1.0770410328354425,1.0771190000000008,1.0795875999999998,False,0,1.0771190000000008,0,0,0,0,0,0,0,0,True,0,0,0,0,0
299,299,2023-05-19 00:00:00,1.07665,1.07669,1.07665,1.07665,8,76,0,False,1.0770037916130195,1.077118000000001,1.0795526999999998,False,0,1.077118000000001,0,0,0,0,0,0,0,0,True,0,0,100,100,100
