,Close,Open,High,Low,sma_20
0,1.08388,1.08388,1.08391,1.08386,
1,1.08379,1.08387,1.0839,1.08378,
2,1.08376,1.0838,1.0838,1.08366,
3,1.08367,1.08377,1.08378,1.08366,
4,1.08363,1.08368,1.08368,1.08361,
5,1.08365,1.08362,1.08367,1.08361,
6,1.08365,1.08363,1.0837,1.08363,
7,1.08362,1.08364,1.08365,1.08359,
8,1.08363,1.08361,1.08363,1.08361,
9,1.08371,1.08363,1.08372,1.08361,
10,1.08353,1.08368,1.0838,1.08353,
11,1.08374,1.08373,1.08374,1.08362,
12,1.08374,1.08374,1.08374,1.08374,
13,1.08376,1.08364,1.08378,1.08363,
14,1.08382,1.08374,1.08385,1.08374,
15,1.08379,1.08382,1.08382,1.08376,
16,1.08386,1.0838,1.08391,1.08373,
17,1.08391,1.08386,1.08442,1.08383,
18,1.08387,1.08398,1.08398,1.08386,
19,1.08387,1.08389,1.08397,1.08386,1.0837440000000005
20,1.08388,1.08388,1.08388,1.08387,1.0837440000000005
21,1.08388,1.08387,1.08389,1.08387,1.0837485000000002
22,1.08387,1.08391,1.08391,1.0838,1.0837540000000003
23,1.08398,1.08387,1.084,1.08386,1.0837695000000005
24,1.08398,1.08397,1.08406,1.08385,1.0837870000000005
25,1.0841,1.08399,1.08416,1.08398,1.0838095000000003
26,1.08404,1.08411,1.08412,1.08402,1.0838290000000004
27,1.08394,1.08404,1.08404,1.08389,1.0838450000000004
28,1.08394,1.08396,1.08397,1.08393,1.0838605000000003
29,1.08405,1.08395,1.08406,1.08395,1.0838775000000005
30,1.08405,1.08404,1.08409,1.08398,1.0839035000000004
31,1.08404,1.08405,1.08409,1.08403,1.0839185000000005
32,1.08399,1.08403,1.08404,1.08394,1.0839310000000004
33,1.08395,1.08399,1.08399,1.08394,1.0839405000000004
34,1.08375,1.08395,1.08395,1.08372,1.0839370000000004
35,1.08365,1.08375,1.08375,1.08362,1.0839300000000005
36,1.08371,1.08364,1.08373,1.08363,1.0839225000000003
37,1.08369,1.08371,1.08372,1.08365,1.0839115000000004
38,1.08369,1.0837,1.08373,1.08365,1.0839025000000002
39,1.08365,1.08367,1.08373,1.08363,1.0838915000000002
40,1.08345,1.08365,1.08367,1.08345,1.08387
41,1.08346,1.08344,1.08348,1.08339,1.083849
42,1.08355,1.08352,1.08356,1.08349,1.0838329999999998
43,1.08351,1.08355,1.08355,1.08347,1.0838095
44,1.08364,1.08351,1.08365,1.08348,1.0837925
45,1.0837,1.08365,1.08376,1.08364,1.0837724999999998
46,1.08369,1.0837,1.0837,1.08365,1.0837549999999998
47,1.08379,1.08369,1.08379,1.08358,1.0837475
48,1.08367,1.0838,1.08381,1.08365,1.0837340000000002
49,1.0837,1.08368,1.08374,1.08367,1.0837165
50,1.08343,1.08371,1.08371,1.0834,1.0836855
51,1.08359,1.08344,1.08362,1.0834,1.083663
52,1.08369,1.0836,1.08377,1.0836,1.083648
53,1.08379,1.08371,1.08381,1.08363,1.08364
54,1.0837,1.0838,1.0838,1.08366,1.0836375
55,1.08389,1.08372,1.08391,1.0837,1.0836495000000002
56,1.08404,1.08387,1.08408,1.08387,1.0836660000000002
57,1.08418,1.08404,1.08421,1.084,1.0836905
58,1.08412,1.08422,1.08424,1.08401,1.083712
59,1.08387,1.08411,1.08411,1.08386,1.0837230000000002
60,1.08384,1.08383,1.08388,1.0837,1.0837425
61,1.08405,1.08383,1.08405,1.08382,1.0837720000000002
62,1.08416,1.08402,1.08422,1.08401,1.0838025000000004
63,1.08447,1.08417,1.08447,1.08417,1.0838505000000005
64,1.08458,1.08448,1.0847,1.08447,1.0838975000000004
65,1.08398,1.08457,1.08457,1.08397,1.0839115000000004
66,1.08407,1.084,1.08423,1.08396,1.0839305000000004
67,1.08409,1.08408,1.08423,1.08406,1.0839455000000002
68,1.08431,1.08409,1.08436,1.08409,1.0839775
69,1.08426,1.08427,1.08429,1.08419,1.0840055000000002
70,1.08442,1.08423,1.08448,1.08418,1.0840550000000002
71,1.08456,1.08443,1.08461,1.08441,1.0841035
72,1.08439,1.08456,1.08458,1.08429,1.0841385
73,1.0845,1.08438,1.0845,1.08428,1.084174
74,1.08453,1.08452,1.08453,1.08447,1.0842155
75,1.08458,1.08452,1.08471,1.08448,1.08425
76,1.08439,1.08458,1.08458,1.08432,1.0842675
77,1.08436,1.08439,1.08443,1.0843,1.0842765
78,1.08438,1.08436,1.08444,1.08431,1.0842895
79,1.08446,1.08439,1.08448,1.08433,1.084319
80,1.08452,1.08444,1.08454,1.08441,1.084353
81,1.08459,1.08453,1.08464,1.08447,1.08438
82,1.08454,1.08458,1.08459,1.08452,1.084399
83,1.08452,1.08454,1.08464,1.08451,1.0844015
84,1.08455,1.08453,1.08462,1.08452,1.0844
85,1.08438,1.08455,1.08458,1.08435,1.0844200000000002
86,1.08423,1.08439,1.08439,1.08421,1.0844280000000002
87,1.08412,1.08422,1.08422,1.08402,1.0844295000000002
88,1.08408,1.08412,1.08413,1.08401,1.084418
89,1.08399,1.08406,1.08413,1.08399,1.0844045000000002
90,1.0839,1.08401,1.0841,1.08379,1.0843785
91,1.08383,1.0839,1.08395,1.08382,1.084342
92,1.08373,1.08384,1.08384,1.08372,1.084309
93,1.08382,1.08373,1.08391,1.08367,1.084275
94,1.08389,1.08382,1.08396,1.08378,1.084243
95,1.08362,1.08392,1.08396,1.08362,1.084195
96,1.08357,1.0836,1.0836,1.08343,1.0841540000000005
97,1.08356,1.08356,1.08358,1.08345,1.084114
98,1.08368,1.08356,1.08378,1.08356,1.0840790000000002
99,1.08363,1.08367,1.08368,1.08358,1.0840375000000002
100,1.08368,1.08363,1.08382,1.08362,1.0839955
101,1.08372,1.08372,1.08375,1.08368,1.0839520000000002
102,1.08352,1.08373,1.08373,1.0835,1.0839010000000002
103,1.08342,1.08352,1.08352,1.08337,1.083846
104,1.08327,1.08342,1.08345,1.0832,1.083782
105,1.08335,1.08328,1.08336,1.08318,1.0837305000000002
106,1.08322,1.08334,1.08334,1.08318,1.08368
107,1.08324,1.08322,1.08331,1.08311,1.083636
108,1.08312,1.08327,1.08329,1.08311,1.0835880000000002
109,1.08308,1.08312,1.08316,1.08289,1.0835425
110,1.08313,1.08308,1.08314,1.08303,1.083504
111,1.08314,1.08317,1.08324,1.08308,1.0834695
112,1.08309,1.08314,1.08316,1.08303,1.0834375
113,1.08342,1.08308,1.08342,1.08303,1.0834175
114,1.08328,1.08341,1.08349,1.0832,1.083387
115,1.08307,1.08327,1.08333,1.08306,1.0833595
116,1.08296,1.08311,1.08319,1.08296,1.0833290000000002
117,1.0828,1.08295,1.08301,1.0826,1.0832910000000002
118,1.08294,1.08281,1.083,1.08278,1.0832540000000002
119,1.08327,1.08293,1.08337,1.08288,1.083236
120,1.08272,1.08328,1.0833,1.08267,1.083188
121,1.08254,1.08272,1.08282,1.0825,1.083129
122,1.08272,1.08255,1.08273,1.08251,1.083089
123,1.08322,1.08272,1.08335,1.08272,1.083079
124,1.08317,1.08322,1.08322,1.08292,1.083074
125,1.08311,1.08318,1.08333,1.08305,1.0830620000000002
126,1.08306,1.0831,1.08316,1.083,1.0830540000000002
127,1.08299,1.08306,1.08306,1.08272,1.0830415
128,1.08282,1.08299,1.08307,1.08273,1.0830265
129,1.08239,1.08283,1.08283,1.08226,1.0829920000000002
130,1.0825,1.08235,1.08265,1.08229,1.0829605
131,1.08277,1.0825,1.08297,1.08248,1.082942
132,1.08267,1.08278,1.08301,1.08267,1.0829210000000002
133,1.08271,1.08268,1.08272,1.08242,1.0828855000000002
134,1.08212,1.0827,1.08282,1.08191,1.0828275
135,1.08202,1.08213,1.08237,1.08202,1.0827750000000005
136,1.08202,1.08202,1.08207,1.08183,1.082728
137,1.08207,1.08203,1.08225,1.08193,1.0826915000000004
138,1.08222,1.08206,1.08223,1.08188,1.0826555000000002
139,1.08227,1.08222,1.08257,1.08219,1.0826055000000003
140,1.08239,1.08228,1.08254,1.08228,1.0825890000000005
141,1.08207,1.08239,1.08248,1.08202,1.0825655000000003
142,1.08154,1.08203,1.08203,1.08083,1.0825065000000005
143,1.08173,1.08159,1.08184,1.08118,1.0824320000000005
144,1.08184,1.08171,1.08213,1.08167,1.0823655000000003
145,1.08157,1.08182,1.08185,1.08146,1.0822885000000004
146,1.08155,1.08158,1.08158,1.08121,1.0822130000000003
147,1.08173,1.08155,1.08182,1.08145,1.0821500000000006
148,1.08175,1.08178,1.08206,1.0816,1.0820965000000005
149,1.08137,1.08169,1.08183,1.08137,1.0820455000000004
150,1.08144,1.08137,1.08153,1.08126,1.0819925000000006
151,1.08189,1.08144,1.08198,1.08143,1.0819485000000006
152,1.0815,1.0819,1.08193,1.08149,1.0818900000000005
153,1.08144,1.08151,1.08187,1.08139,1.0818265000000005
154,1.08157,1.08141,1.08161,1.08114,1.0817990000000006
155,1.08143,1.08157,1.08159,1.08136,1.0817695000000005
156,1.08177,1.08144,1.0818,1.08142,1.0817570000000003
157,1.08158,1.08177,1.08185,1.08158,1.0817325000000004
158,1.08119,1.08159,1.08159,1.0809,1.0816810000000003
159,1.08098,1.08117,1.08141,1.08096,1.0816165000000004
160,1.08071,1.08097,1.08103,1.08065,1.0815325000000002
161,1.08144,1.0807,1.08156,1.0807,1.0815010000000005
162,1.08153,1.08144,1.08169,1.08137,1.0815005000000002
163,1.08164,1.08153,1.08168,1.08148,1.0814960000000002
164,1.08162,1.08164,1.08167,1.08152,1.0814850000000005
165,1.08189,1.08161,1.0819,1.08157,1.0815010000000005
166,1.08174,1.0819,1.0819,1.08162,1.0815105000000005
167,1.08155,1.08173,1.08187,1.08148,1.0815015000000003
168,1.08146,1.08156,1.08165,1.08143,1.0814870000000003
169,1.08123,1.08146,1.08148,1.08121,1.0814800000000004
170,1.08092,1.08121,1.08122,1.08091,1.0814540000000004
171,1.08094,1.08087,1.08111,1.08074,1.0814065000000004
172,1.08079,1.08094,1.08105,1.08078,1.0813710000000003
173,1.08075,1.08079,1.08094,1.08047,1.0813365000000004
174,1.08069,1.08074,1.08088,1.08067,1.0812925000000004
175,1.08074,1.08071,1.08084,1.08063,1.0812580000000005
176,1.0813,1.08076,1.08139,1.08076,1.0812345000000003
177,1.0815,1.08131,1.08156,1.08129,1.0812305000000004
178,1.08144,1.08148,1.08148,1.08123,1.0812430000000004
179,1.08128,1.08145,1.08148,1.08128,1.0812580000000005
180,1.08108,1.08127,1.08129,1.08103,1.0812765000000004
181,1.08129,1.08108,1.08134,1.08107,1.0812690000000005
182,1.08119,1.08132,1.08133,1.08107,1.0812520000000003
183,1.08112,1.08119,1.08141,1.08111,1.0812260000000002
184,1.08101,1.08111,1.08112,1.08074,1.0811955000000002
185,1.08118,1.08102,1.08118,1.08089,1.08116
186,1.08142,1.08119,1.08155,1.08119,1.081144
187,1.08157,1.08142,1.08172,1.08142,1.081145
188,1.08144,1.08157,1.08157,1.08142,1.081144
189,1.08127,1.08143,1.0815,1.08121,1.081146
190,1.08142,1.08131,1.08146,1.08128,1.081171
191,1.08122,1.08145,1.08145,1.08121,1.0811850000000005
192,1.08122,1.08123,1.08131,1.08117,1.0812065000000004
193,1.08165,1.08122,1.08165,1.08122,1.0812515000000005
194,1.08127,1.08166,1.08169,1.08124,1.0812805000000003
195,1.08104,1.08127,1.08149,1.081,1.0812955000000004
196,1.08106,1.08105,1.08113,1.08085,1.0812835000000005
197,1.0793,1.08103,1.08111,1.07919,1.081173500000001
198,1.07896,1.07928,1.07999,1.07891,1.0810495000000004
199,1.07957,1.07896,1.07959,1.07886,1.0809640000000005
200,1.07852,1.07956,1.07982,1.07852,1.0808360000000006
201,1.07904,1.07853,1.07918,1.07843,1.0807235000000006
202,1.07893,1.07904,1.07904,1.07852,1.0806105000000006
203,1.07875,1.07893,1.07916,1.07869,1.080492000000001
204,1.07939,1.07874,1.07942,1.07867,1.080411000000001
205,1.07866,1.07937,1.07938,1.07865,1.0802850000000006
206,1.07887,1.0786,1.07912,1.07851,1.0801575000000003
207,1.07894,1.07886,1.07931,1.07883,1.0800260000000006
208,1.07866,1.07893,1.07913,1.07865,1.0798870000000005
209,1.07853,1.07868,1.07878,1.07832,1.0797500000000004
210,1.0783,1.07851,1.07863,1.07823,1.0795940000000004
211,1.07827,1.07827,1.07852,1.07822,1.0794465000000004
212,1.07803,1.07827,1.0783,1.078,1.0792870000000003
213,1.07808,1.07802,1.07815,1.07743,1.0791085000000005
214,1.0777,1.07809,1.07811,1.07763,1.0789300000000004
215,1.07763,1.0777,1.07825,1.07757,1.0787595000000003
216,1.07799,1.07764,1.07818,1.07762,1.0786060000000002
217,1.07803,1.07799,1.07808,1.07788,1.0785425000000004
218,1.07814,1.07804,1.07836,1.07801,1.0785015000000004
219,1.07808,1.07815,1.07833,1.07805,1.0784270000000005
220,1.07836,1.07807,1.07859,1.07805,1.0784190000000005
221,1.07823,1.07837,1.0785,1.07817,1.0783785000000006
222,1.07742,1.07825,1.07826,1.07731,1.0783030000000005
223,1.07712,1.07741,1.07742,1.07697,1.0782215000000006
224,1.07703,1.07713,1.07734,1.07701,1.0781035000000003
225,1.07673,1.07703,1.07707,1.07662,1.0780070000000008
226,1.07684,1.07672,1.077,1.07661,1.0779055000000008
227,1.0769,1.07684,1.07711,1.07679,1.0778035000000008
228,1.07647,1.0769,1.07715,1.07646,1.0776940000000008
229,1.07662,1.07648,1.07666,1.07623,1.0775985000000008
230,1.07674,1.07662,1.07679,1.07652,1.0775205000000008
231,1.07674,1.07673,1.07679,1.07667,1.077444000000001
232,1.07721,1.07674,1.07724,1.07671,1.077403000000001
233,1.07699,1.07721,1.07721,1.07693,1.077348500000001
234,1.07718,1.07699,1.07735,1.0769,1.0773225000000008
235,1.07726,1.07717,1.07733,1.07714,1.077304000000001
236,1.07772,1.07727,1.07776,1.0772,1.0772905000000008
237,1.0776,1.07772,1.07772,1.07749,1.077269000000001
238,1.07745,1.07759,1.07769,1.07735,1.0772345000000008
239,1.07796,1.07745,1.07803,1.07741,1.0772285000000008
240,1.07764,1.07795,1.07803,1.07764,1.0771925000000009
241,1.07705,1.07764,1.07768,1.07698,1.0771335000000009
242,1.07693,1.07704,1.07729,1.07689,1.0771090000000008
243,1.07689,1.07694,1.07699,1.07673,1.0770975000000007
244,1.0766,1.07684,1.07688,1.07653,1.0770760000000006
245,1.07652,1.07659,1.07664,1.07648,1.0770655000000005
246,1.07652,1.07652,1.07663,1.07643,1.0770495000000004
247,1.07648,1.07653,1.07656,1.07639,1.0770285000000004
248,1.07642,1.07649,1.07661,1.07642,1.0770260000000005
249,1.07628,1.07643,1.07644,1.07621,1.0770090000000003
250,1.07622,1.07626,1.07635,1.07618,1.0769830000000005
251,1.07621,1.07623,1.07637,1.07617,1.0769565000000003
252,1.07625,1.07622,1.07634,1.07619,1.0769085000000005
253,1.07618,1.07624,1.07632,1.07616,1.0768680000000006
254,1.07632,1.07617,1.07633,1.07616,1.0768250000000006
255,1.07632,1.07633,1.07637,1.07627,1.0767780000000005
256,1.07653,1.07631,1.07656,1.07626,1.0767185000000006
257,1.07642,1.07654,1.07664,1.07637,1.0766595000000003
258,1.07628,1.07641,1.07641,1.07623,1.0766010000000006
259,1.07638,1.07628,1.07644,1.07627,1.0765220000000004
260,1.07645,1.07639,1.07653,1.07633,1.0764625000000003
261,1.07646,1.07646,1.07654,1.07635,1.0764330000000006
262,1.07658,1.07646,1.07658,1.07643,1.0764155000000006
263,1.07669,1.07658,1.0767,1.07654,1.0764055000000006
264,1.07648,1.07668,1.07674,1.07648,1.0763995000000006
265,1.0765,1.07649,1.07654,1.07642,1.0763985000000007
266,1.07643,1.07649,1.07659,1.0764,1.0763940000000007
267,1.07654,1.07645,1.07655,1.07644,1.0763970000000007
268,1.0767,1.07653,1.07672,1.07653,1.076411000000001
269,1.07669,1.07668,1.07681,1.07668,1.0764315000000009
270,1.07649,1.07669,1.07669,1.07648,1.0764450000000008
271,1.07637,1.07654,1.07654,1.0763,1.0764530000000008
272,1.07654,1.07638,1.07656,1.07637,1.0764675000000008
273,1.07647,1.07659,1.0767,1.07646,1.0764820000000008
274,1.0766,1.07646,1.07662,1.07646,1.0764960000000008
275,1.07653,1.07661,1.07678,1.07652,1.0765065000000007
276,1.07661,1.07653,1.07663,1.07652,1.0765105000000008
277,1.07653,1.07661,1.07668,1.07653,1.076516000000001
278,1.0767,1.07652,1.0767,1.07652,1.0765370000000007
279,1.07667,1.07669,1.07678,1.0766,1.0765515000000008
280,1.07675,1.07667,1.07676,1.0766,1.0765665000000006
281,1.07702,1.07676,1.07702,1.07675,1.0765945000000008
282,1.07717,1.07706,1.07723,1.07706,1.0766240000000007
283,1.0773,1.07718,1.07731,1.07716,1.0766545000000007
284,1.07715,1.07729,1.07735,1.07714,1.0766880000000008
285,1.07705,1.0772,1.07731,1.07702,1.0767155000000008
286,1.0773,1.07704,1.07733,1.07703,1.076759000000001
287,1.0772,1.07732,1.07735,1.07718,1.0767920000000009
288,1.07729,1.07726,1.0773,1.07721,1.076821500000001
289,1.07735,1.07728,1.07737,1.07726,1.076854500000001
290,1.07737,1.07736,1.0774,1.07734,1.0768985000000009
291,1.07724,1.07736,1.07736,1.07719,1.076942000000001
292,1.07705,1.07723,1.07724,1.07702,1.0769675000000007
293,1.07718,1.07705,1.0772,1.07705,1.0770030000000008
294,1.07722,1.07715,1.07724,1.07714,1.0770340000000007
295,1.07717,1.07723,1.07723,1.07713,1.0770660000000007
296,1.07704,1.07716,1.07718,1.07703,1.0770875000000009
297,1.077,1.07706,1.07711,1.07697,1.0771110000000008
298,1.07686,1.077,1.07703,1.07683,1.0771190000000008
299,1.07665,1.07665,1.07669,1.07665,1.077118000000001
