index,Close,Open,High,Low,sma_20
27915,1.4668,1.46681,1.46702,1.46674,1.466827499999997
27916,1.4665,1.4668,1.46702,1.46644,1.466868999999997
27917,1.46666,1.4665,1.46679,1.46629,1.466929499999997
27918,1.46666,1.46666,1.46689,1.46652,1.4669359999999974
27919,1.46693,1.46666,1.46694,1.46656,1.4669874999999972
27920,1.46689,1.46689,1.46704,1.46665,1.4670184999999971
27921,1.46679,1.46688,1.46706,1.46667,1.467038499999997
27922,1.46655,1.46679,1.46703,1.46651,1.4670429999999972
27923,1.46655,1.46655,1.46667,1.46642,1.4670439999999974
27924,1.46655,1.46654,1.46663,1.46619,1.4670399999999977
27925,1.46657,1.46656,1.46671,1.46633,1.4670434999999975
27926,1.46647,1.46657,1.46661,1.46623,1.4670429999999974
27927,1.46646,1.46647,1.46684,1.46626,1.4670104999999976
27928,1.46685,1.46647,1.46698,1.46635,1.4669664999999976
27929,1.4671,1.46686,1.46726,1.46679,1.4668839999999976
27930,1.46757,1.46709,1.46771,1.46695,1.4668529999999975
27931,1.46784,1.46756,1.46793,1.46744,1.4668604999999977

